HEADER
VTF File Version,1.0
VTF File Type,0
PID,5051
Generated on,2021-11-19 17:33:14
Resolution,ms
Min Resolution,us
Trace Version,1.0
XRT Version,0.0.0
Tool Version,2020.1

STRUCTURE
Group_Start,DPU
Dynamic_Row, 1, DPU_0
Group_End,DPU

MAPPING
1,
2,subgraph_ResidualBlock__ResidualBlock_MBConvLayer_conv__Sequential_depth_conv__Conv2d_conv__ret_9

EVENTS
1,0,48.732000,1,VART_RUNNER,2,5059,1,0.03,52.82,20,1,1,,
2,1,49.300000,1,VART_RUNNER,2,5059,1,0.03,52.82,20,1,1,,
3,0,51.288000,1,VART_RUNNER,2,5059,1,0.03,57.03,20,1,1,,
4,3,51.814000,1,VART_RUNNER,2,5059,1,0.03,57.03,20,1,1,,
5,0,53.174000,1,VART_RUNNER,2,5059,1,0.03,60.24,20,1,1,,
6,5,53.672000,1,VART_RUNNER,2,5059,1,0.03,60.24,20,1,1,,
7,0,54.773000,1,VART_RUNNER,2,5059,1,0.03,59.41,20,1,1,,
8,7,55.278000,1,VART_RUNNER,2,5059,1,0.03,59.41,20,1,1,,
9,0,56.410000,1,VART_RUNNER,2,5059,1,0.03,57.8,20,1,1,,
10,9,56.929000,1,VART_RUNNER,2,5059,1,0.03,57.8,20,1,1,,
11,0,58.138000,1,VART_RUNNER,2,5059,1,0.03,51.72,20,1,1,,
12,11,58.718000,1,VART_RUNNER,2,5059,1,0.03,51.72,20,1,1,,
13,0,59.816000,1,VART_RUNNER,2,5059,1,0.03,54.84,20,1,1,,
14,13,60.363000,1,VART_RUNNER,2,5059,1,0.03,54.84,20,1,1,,
15,0,61.387000,1,VART_RUNNER,2,5059,1,0.03,61.48,20,1,1,,
16,15,61.875000,1,VART_RUNNER,2,5059,1,0.03,61.48,20,1,1,,
17,0,63.085000,1,VART_RUNNER,2,5059,1,0.03,49.75,20,1,1,,
18,17,63.688000,1,VART_RUNNER,2,5059,1,0.03,49.75,20,1,1,,
19,0,64.825000,1,VART_RUNNER,2,5059,1,0.03,58.14,20,1,1,,
20,19,65.341000,1,VART_RUNNER,2,5059,1,0.03,58.14,20,1,1,,
21,0,66.130000,1,VART_RUNNER,2,5059,1,0.03,64.24,20,1,1,,
22,21,66.597000,1,VART_RUNNER,2,5059,1,0.03,64.24,20,1,1,,
23,0,67.207000,1,VART_RUNNER,2,5059,1,0.03,68.18,20,1,1,,
24,23,67.647000,1,VART_RUNNER,2,5059,1,0.03,68.18,20,1,1,,
25,0,68.161000,1,VART_RUNNER,2,5059,1,0.03,68.18,20,1,1,,
26,25,68.601000,1,VART_RUNNER,2,5059,1,0.03,68.18,20,1,1,,
27,0,69.087000,1,VART_RUNNER,2,5059,1,0.03,68.65,20,1,1,,
28,27,69.524000,1,VART_RUNNER,2,5059,1,0.03,68.65,20,1,1,,
29,0,69.971000,1,VART_RUNNER,2,5059,1,0.03,68.65,20,1,1,,
30,29,70.408000,1,VART_RUNNER,2,5059,1,0.03,68.65,20,1,1,,
31,0,70.866000,1,VART_RUNNER,2,5059,1,0.03,68.81,20,1,1,,
32,31,71.302000,1,VART_RUNNER,2,5059,1,0.03,68.81,20,1,1,,
33,0,71.747000,1,VART_RUNNER,2,5059,1,0.03,67.11,20,1,1,,
34,33,72.194000,1,VART_RUNNER,2,5059,1,0.03,67.11,20,1,1,,
35,0,72.653000,1,VART_RUNNER,2,5059,1,0.03,68.81,20,1,1,,
36,35,73.089000,1,VART_RUNNER,2,5059,1,0.03,68.81,20,1,1,,
37,0,73.525000,1,VART_RUNNER,2,5059,1,0.03,69.12,20,1,1,,
38,37,73.959000,1,VART_RUNNER,2,5059,1,0.03,69.12,20,1,1,,
39,0,74.438000,1,VART_RUNNER,2,5059,1,0.03,68.03,20,1,1,,
40,39,74.879000,1,VART_RUNNER,2,5059,1,0.03,68.03,20,1,1,,
41,0,75.344000,1,VART_RUNNER,2,5059,1,0.03,68.34,20,1,1,,
42,41,75.783000,1,VART_RUNNER,2,5059,1,0.03,68.34,20,1,1,,
43,0,76.227000,1,VART_RUNNER,2,5059,1,0.03,68.81,20,1,1,,
44,43,76.663000,1,VART_RUNNER,2,5059,1,0.03,68.81,20,1,1,,
45,0,77.107000,1,VART_RUNNER,2,5059,1,0.03,69.28,20,1,1,,
46,45,77.540000,1,VART_RUNNER,2,5059,1,0.03,69.28,20,1,1,,
47,0,77.972000,1,VART_RUNNER,2,5059,1,0.03,68.65,20,1,1,,
48,47,78.409000,1,VART_RUNNER,2,5059,1,0.03,68.65,20,1,1,,
49,0,78.849000,1,VART_RUNNER,2,5059,1,0.03,69.12,20,1,1,,
50,49,79.283000,1,VART_RUNNER,2,5059,1,0.03,69.12,20,1,1,,
51,0,79.722000,1,VART_RUNNER,2,5059,1,0.03,68.97,20,1,1,,
52,51,80.157000,1,VART_RUNNER,2,5059,1,0.03,68.97,20,1,1,,
53,0,80.590000,1,VART_RUNNER,2,5059,1,0.03,68.97,20,1,1,,
54,53,81.025000,1,VART_RUNNER,2,5059,1,0.03,68.97,20,1,1,,
55,0,81.458000,1,VART_RUNNER,2,5059,1,0.03,68.97,20,1,1,,
56,55,81.893000,1,VART_RUNNER,2,5059,1,0.03,68.97,20,1,1,,
57,0,82.347000,1,VART_RUNNER,2,5059,1,0.03,68.81,20,1,1,,
58,57,82.783000,1,VART_RUNNER,2,5059,1,0.03,68.81,20,1,1,,
59,0,83.232000,1,VART_RUNNER,2,5059,1,0.03,68.81,20,1,1,,
60,59,83.668000,1,VART_RUNNER,2,5059,1,0.03,68.81,20,1,1,,
61,0,84.101000,1,VART_RUNNER,2,5059,1,0.03,69.12,20,1,1,,
62,61,84.535000,1,VART_RUNNER,2,5059,1,0.03,69.12,20,1,1,,
63,0,84.967000,1,VART_RUNNER,2,5059,1,0.03,68.97,20,1,1,,
64,63,85.402000,1,VART_RUNNER,2,5059,1,0.03,68.97,20,1,1,,
65,0,85.831000,1,VART_RUNNER,2,5059,1,0.03,68.03,20,1,1,,
66,65,86.272000,1,VART_RUNNER,2,5059,1,0.03,68.03,20,1,1,,
67,0,86.732000,1,VART_RUNNER,2,5059,1,0.03,67.87,20,1,1,,
68,67,87.174000,1,VART_RUNNER,2,5059,1,0.03,67.87,20,1,1,,
69,0,87.620000,1,VART_RUNNER,2,5059,1,0.03,68.49,20,1,1,,
70,69,88.058000,1,VART_RUNNER,2,5059,1,0.03,68.49,20,1,1,,
71,0,88.495000,1,VART_RUNNER,2,5059,1,0.03,68.65,20,1,1,,
72,71,88.932000,1,VART_RUNNER,2,5059,1,0.03,68.65,20,1,1,,
73,0,89.366000,1,VART_RUNNER,2,5059,1,0.03,68.81,20,1,1,,
74,73,89.802000,1,VART_RUNNER,2,5059,1,0.03,68.81,20,1,1,,
75,0,90.259000,1,VART_RUNNER,2,5059,1,0.03,68.49,20,1,1,,
76,75,90.697000,1,VART_RUNNER,2,5059,1,0.03,68.49,20,1,1,,
77,0,91.146000,1,VART_RUNNER,2,5059,1,0.03,68.65,20,1,1,,
78,77,91.583000,1,VART_RUNNER,2,5059,1,0.03,68.65,20,1,1,,
79,0,92.024000,1,VART_RUNNER,2,5059,1,0.03,68.81,20,1,1,,
80,79,92.460000,1,VART_RUNNER,2,5059,1,0.03,68.81,20,1,1,,
81,0,92.894000,1,VART_RUNNER,2,5059,1,0.03,68.81,20,1,1,,
82,81,93.330000,1,VART_RUNNER,2,5059,1,0.03,68.81,20,1,1,,
83,0,93.769000,1,VART_RUNNER,2,5059,1,0.03,65.93,20,1,1,,
84,83,94.224000,1,VART_RUNNER,2,5059,1,0.03,65.93,20,1,1,,
85,0,94.667000,1,VART_RUNNER,2,5059,1,0.03,68.03,20,1,1,,
86,85,95.108000,1,VART_RUNNER,2,5059,1,0.03,68.03,20,1,1,,
87,0,95.552000,1,VART_RUNNER,2,5059,1,0.03,68.49,20,1,1,,
88,87,95.990000,1,VART_RUNNER,2,5059,1,0.03,68.49,20,1,1,,
89,0,96.426000,1,VART_RUNNER,2,5059,1,0.03,68.81,20,1,1,,
90,89,96.862000,1,VART_RUNNER,2,5059,1,0.03,68.81,20,1,1,,
91,0,97.299000,1,VART_RUNNER,2,5059,1,0.03,68.49,20,1,1,,
92,91,97.737000,1,VART_RUNNER,2,5059,1,0.03,68.49,20,1,1,,
93,0,98.195000,1,VART_RUNNER,2,5059,1,0.03,68.34,20,1,1,,
94,93,98.634000,1,VART_RUNNER,2,5059,1,0.03,68.34,20,1,1,,
95,0,99.080000,1,VART_RUNNER,2,5059,1,0.03,68.49,20,1,1,,
96,95,99.518000,1,VART_RUNNER,2,5059,1,0.03,68.49,20,1,1,,
97,0,99.950000,1,VART_RUNNER,2,5059,1,0.03,68.81,20,1,1,,
98,97,100.386000,1,VART_RUNNER,2,5059,1,0.03,68.81,20,1,1,,
99,0,100.824000,1,VART_RUNNER,2,5059,1,0.03,68.65,20,1,1,,
100,99,101.261000,1,VART_RUNNER,2,5059,1,0.03,68.65,20,1,1,,
101,0,101.693000,1,VART_RUNNER,2,5059,1,0.03,68.34,20,1,1,,
102,101,102.132000,1,VART_RUNNER,2,5059,1,0.03,68.34,20,1,1,,
103,0,102.603000,1,VART_RUNNER,2,5059,1,0.03,68.03,20,1,1,,
104,103,103.044000,1,VART_RUNNER,2,5059,1,0.03,68.03,20,1,1,,
105,0,103.485000,1,VART_RUNNER,2,5059,1,0.03,68.03,20,1,1,,
106,105,103.926000,1,VART_RUNNER,2,5059,1,0.03,68.03,20,1,1,,
107,0,104.366000,1,VART_RUNNER,2,5059,1,0.03,68.81,20,1,1,,
108,107,104.802000,1,VART_RUNNER,2,5059,1,0.03,68.81,20,1,1,,
109,0,105.241000,1,VART_RUNNER,2,5059,1,0.03,68.97,20,1,1,,
110,109,105.676000,1,VART_RUNNER,2,5059,1,0.03,68.97,20,1,1,,
111,0,106.111000,1,VART_RUNNER,2,5059,1,0.03,67.26,20,1,1,,
112,111,106.557000,1,VART_RUNNER,2,5059,1,0.03,67.26,20,1,1,,
113,0,107.043000,1,VART_RUNNER,2,5059,1,0.03,66.52,20,1,1,,
114,113,107.494000,1,VART_RUNNER,2,5059,1,0.03,66.52,20,1,1,,
115,0,108.001000,1,VART_RUNNER,2,5059,1,0.03,67.72,20,1,1,,
116,115,108.444000,1,VART_RUNNER,2,5059,1,0.03,67.72,20,1,1,,
117,0,108.890000,1,VART_RUNNER,2,5059,1,0.03,68.34,20,1,1,,
118,117,109.329000,1,VART_RUNNER,2,5059,1,0.03,68.34,20,1,1,,
119,0,109.789000,1,VART_RUNNER,2,5059,1,0.03,67.57,20,1,1,,
120,119,110.233000,1,VART_RUNNER,2,5059,1,0.03,67.57,20,1,1,,
121,0,110.681000,1,VART_RUNNER,2,5059,1,0.03,68.18,20,1,1,,
122,121,111.121000,1,VART_RUNNER,2,5059,1,0.03,68.18,20,1,1,,
123,0,111.569000,1,VART_RUNNER,2,5059,1,0.03,68.34,20,1,1,,
124,123,112.008000,1,VART_RUNNER,2,5059,1,0.03,68.34,20,1,1,,
125,0,112.455000,1,VART_RUNNER,2,5059,1,0.03,68.18,20,1,1,,
126,125,112.895000,1,VART_RUNNER,2,5059,1,0.03,68.18,20,1,1,,
127,0,113.341000,1,VART_RUNNER,2,5059,1,0.03,68.34,20,1,1,,
128,127,113.780000,1,VART_RUNNER,2,5059,1,0.03,68.34,20,1,1,,
129,0,114.260000,1,VART_RUNNER,2,5059,1,0.03,68.34,20,1,1,,
130,129,114.699000,1,VART_RUNNER,2,5059,1,0.03,68.34,20,1,1,,
131,0,115.173000,1,VART_RUNNER,2,5059,1,0.03,67.57,20,1,1,,
132,131,115.617000,1,VART_RUNNER,2,5059,1,0.03,67.57,20,1,1,,
133,0,116.081000,1,VART_RUNNER,2,5059,1,0.03,68.34,20,1,1,,
134,133,116.520000,1,VART_RUNNER,2,5059,1,0.03,68.34,20,1,1,,
135,0,116.965000,1,VART_RUNNER,2,5059,1,0.03,68.34,20,1,1,,
136,135,117.404000,1,VART_RUNNER,2,5059,1,0.03,68.34,20,1,1,,
137,0,117.850000,1,VART_RUNNER,2,5059,1,0.03,67.87,20,1,1,,
138,137,118.292000,1,VART_RUNNER,2,5059,1,0.03,67.87,20,1,1,,
139,0,118.742000,1,VART_RUNNER,2,5059,1,0.03,66.96,20,1,1,,
140,139,119.190000,1,VART_RUNNER,2,5059,1,0.03,66.96,20,1,1,,
141,0,119.638000,1,VART_RUNNER,2,5059,1,0.03,68.18,20,1,1,,
142,141,120.078000,1,VART_RUNNER,2,5059,1,0.03,68.18,20,1,1,,
143,0,120.521000,1,VART_RUNNER,2,5059,1,0.03,68.18,20,1,1,,
144,143,120.961000,1,VART_RUNNER,2,5059,1,0.03,68.18,20,1,1,,
145,0,121.413000,1,VART_RUNNER,2,5059,1,0.03,67.87,20,1,1,,
146,145,121.855000,1,VART_RUNNER,2,5059,1,0.03,67.87,20,1,1,,
147,0,122.330000,1,VART_RUNNER,2,5059,1,0.03,68.18,20,1,1,,
148,147,122.770000,1,VART_RUNNER,2,5059,1,0.03,68.18,20,1,1,,
149,0,123.224000,1,VART_RUNNER,2,5059,1,0.03,68.65,20,1,1,,
150,149,123.661000,1,VART_RUNNER,2,5059,1,0.03,68.65,20,1,1,,
151,0,124.101000,1,VART_RUNNER,2,5059,1,0.03,68.81,20,1,1,,
152,151,124.537000,1,VART_RUNNER,2,5059,1,0.03,68.81,20,1,1,,
153,0,124.980000,1,VART_RUNNER,2,5059,1,0.03,68.34,20,1,1,,
154,153,125.419000,1,VART_RUNNER,2,5059,1,0.03,68.34,20,1,1,,
155,0,125.859000,1,VART_RUNNER,2,5059,1,0.03,67.57,20,1,1,,
156,155,126.303000,1,VART_RUNNER,2,5059,1,0.03,67.57,20,1,1,,
157,0,126.749000,1,VART_RUNNER,2,5059,1,0.03,68.03,20,1,1,,
158,157,127.190000,1,VART_RUNNER,2,5059,1,0.03,68.03,20,1,1,,
159,0,127.629000,1,VART_RUNNER,2,5059,1,0.03,68.18,20,1,1,,
160,159,128.069000,1,VART_RUNNER,2,5059,1,0.03,68.18,20,1,1,,
161,0,128.503000,1,VART_RUNNER,2,5059,1,0.03,68.34,20,1,1,,
162,161,128.942000,1,VART_RUNNER,2,5059,1,0.03,68.34,20,1,1,,
163,0,129.375000,1,VART_RUNNER,2,5059,1,0.03,68.18,20,1,1,,
164,163,129.815000,1,VART_RUNNER,2,5059,1,0.03,68.18,20,1,1,,
165,0,130.283000,1,VART_RUNNER,2,5059,1,0.03,68.34,20,1,1,,
166,165,130.722000,1,VART_RUNNER,2,5059,1,0.03,68.34,20,1,1,,
167,0,131.164000,1,VART_RUNNER,2,5059,1,0.03,68.34,20,1,1,,
168,167,131.603000,1,VART_RUNNER,2,5059,1,0.03,68.34,20,1,1,,
169,0,132.038000,1,VART_RUNNER,2,5059,1,0.03,68.34,20,1,1,,
170,169,132.477000,1,VART_RUNNER,2,5059,1,0.03,68.34,20,1,1,,
171,0,132.912000,1,VART_RUNNER,2,5059,1,0.03,68.18,20,1,1,,
172,171,133.352000,1,VART_RUNNER,2,5059,1,0.03,68.18,20,1,1,,
173,0,133.788000,1,VART_RUNNER,2,5059,1,0.03,67.57,20,1,1,,
174,173,134.232000,1,VART_RUNNER,2,5059,1,0.03,67.57,20,1,1,,
175,0,134.665000,1,VART_RUNNER,2,5059,1,0.03,67.87,20,1,1,,
176,175,135.107000,1,VART_RUNNER,2,5059,1,0.03,67.87,20,1,1,,
177,0,135.547000,1,VART_RUNNER,2,5059,1,0.03,68.18,20,1,1,,
178,177,135.987000,1,VART_RUNNER,2,5059,1,0.03,68.18,20,1,1,,
179,0,136.422000,1,VART_RUNNER,2,5059,1,0.03,68.34,20,1,1,,
180,179,136.861000,1,VART_RUNNER,2,5059,1,0.03,68.34,20,1,1,,
181,0,137.293000,1,VART_RUNNER,2,5059,1,0.03,68.18,20,1,1,,
182,181,137.733000,1,VART_RUNNER,2,5059,1,0.03,68.18,20,1,1,,
183,0,138.167000,1,VART_RUNNER,2,5059,1,0.03,63.97,20,1,1,,
184,183,138.636000,1,VART_RUNNER,2,5059,1,0.03,63.97,20,1,1,,
185,0,139.074000,1,VART_RUNNER,2,5059,1,0.03,68.18,20,1,1,,
186,185,139.514000,1,VART_RUNNER,2,5059,1,0.03,68.18,20,1,1,,
187,0,139.954000,1,VART_RUNNER,2,5059,1,0.03,68.18,20,1,1,,
188,187,140.394000,1,VART_RUNNER,2,5059,1,0.03,68.18,20,1,1,,
189,0,140.835000,1,VART_RUNNER,2,5059,1,0.03,68.34,20,1,1,,
190,189,141.274000,1,VART_RUNNER,2,5059,1,0.03,68.34,20,1,1,,
191,0,141.707000,1,VART_RUNNER,2,5059,1,0.03,68.34,20,1,1,,
192,191,142.146000,1,VART_RUNNER,2,5059,1,0.03,68.34,20,1,1,,
193,0,142.613000,1,VART_RUNNER,2,5059,1,0.03,68.03,20,1,1,,
194,193,143.054000,1,VART_RUNNER,2,5059,1,0.03,68.03,20,1,1,,
195,0,143.491000,1,VART_RUNNER,2,5059,1,0.03,68.49,20,1,1,,
196,195,143.929000,1,VART_RUNNER,2,5059,1,0.03,68.49,20,1,1,,
197,0,144.368000,1,VART_RUNNER,2,5059,1,0.03,68.18,20,1,1,,
198,197,144.808000,1,VART_RUNNER,2,5059,1,0.03,68.18,20,1,1,,
199,0,145.245000,1,VART_RUNNER,2,5059,1,0.03,67.87,20,1,1,,
200,199,145.687000,1,VART_RUNNER,2,5059,1,0.03,67.87,20,1,1,,
201,0,146.124000,1,VART_RUNNER,2,5059,1,0.03,67.42,20,1,1,,
202,201,146.569000,1,VART_RUNNER,2,5059,1,0.03,67.42,20,1,1,,
203,0,147.007000,1,VART_RUNNER,2,5059,1,0.03,67.87,20,1,1,,
204,203,147.449000,1,VART_RUNNER,2,5059,1,0.03,67.87,20,1,1,,
205,0,147.888000,1,VART_RUNNER,2,5059,1,0.03,68.18,20,1,1,,
206,205,148.328000,1,VART_RUNNER,2,5059,1,0.03,68.18,20,1,1,,
207,0,148.758000,1,VART_RUNNER,2,5059,1,0.03,67.87,20,1,1,,
208,207,149.200000,1,VART_RUNNER,2,5059,1,0.03,67.87,20,1,1,,
209,0,149.635000,1,VART_RUNNER,2,5059,1,0.03,67.87,20,1,1,,
210,209,150.077000,1,VART_RUNNER,2,5059,1,0.03,67.87,20,1,1,,
211,0,150.540000,1,VART_RUNNER,2,5059,1,0.03,68.49,20,1,1,,
212,211,150.978000,1,VART_RUNNER,2,5059,1,0.03,68.49,20,1,1,,
213,0,151.421000,1,VART_RUNNER,2,5059,1,0.03,68.65,20,1,1,,
214,213,151.858000,1,VART_RUNNER,2,5059,1,0.03,68.65,20,1,1,,
215,0,152.292000,1,VART_RUNNER,2,5059,1,0.03,68.65,20,1,1,,
216,215,152.729000,1,VART_RUNNER,2,5059,1,0.03,68.65,20,1,1,,
217,0,153.161000,1,VART_RUNNER,2,5059,1,0.03,68.03,20,1,1,,
218,217,153.602000,1,VART_RUNNER,2,5059,1,0.03,68.03,20,1,1,,
219,0,154.044000,1,VART_RUNNER,2,5059,1,0.03,67.87,20,1,1,,
220,219,154.486000,1,VART_RUNNER,2,5059,1,0.03,67.87,20,1,1,,
221,0,154.927000,1,VART_RUNNER,2,5059,1,0.03,67.87,20,1,1,,
222,221,155.369000,1,VART_RUNNER,2,5059,1,0.03,67.87,20,1,1,,
223,0,155.807000,1,VART_RUNNER,2,5059,1,0.03,67.87,20,1,1,,
224,223,156.249000,1,VART_RUNNER,2,5059,1,0.03,67.87,20,1,1,,
225,0,156.685000,1,VART_RUNNER,2,5059,1,0.03,68.34,20,1,1,,
226,225,157.124000,1,VART_RUNNER,2,5059,1,0.03,68.34,20,1,1,,
227,0,157.555000,1,VART_RUNNER,2,5059,1,0.03,67.87,20,1,1,,
228,227,157.997000,1,VART_RUNNER,2,5059,1,0.03,67.87,20,1,1,,
229,0,158.464000,1,VART_RUNNER,2,5059,1,0.03,68.18,20,1,1,,
230,229,158.904000,1,VART_RUNNER,2,5059,1,0.03,68.18,20,1,1,,
231,0,159.338000,1,VART_RUNNER,2,5059,1,0.03,68.18,20,1,1,,
232,231,159.778000,1,VART_RUNNER,2,5059,1,0.03,68.18,20,1,1,,
233,0,160.217000,1,VART_RUNNER,2,5059,1,0.03,68.03,20,1,1,,
234,233,160.658000,1,VART_RUNNER,2,5059,1,0.03,68.03,20,1,1,,
235,0,161.092000,1,VART_RUNNER,2,5059,1,0.03,68.18,20,1,1,,
236,235,161.532000,1,VART_RUNNER,2,5059,1,0.03,68.18,20,1,1,,
237,0,161.965000,1,VART_RUNNER,2,5059,1,0.03,67.72,20,1,1,,
238,237,162.408000,1,VART_RUNNER,2,5059,1,0.03,67.72,20,1,1,,
239,0,162.845000,1,VART_RUNNER,2,5059,1,0.03,67.57,20,1,1,,
240,239,163.289000,1,VART_RUNNER,2,5059,1,0.03,67.57,20,1,1,,
241,0,163.725000,1,VART_RUNNER,2,5059,1,0.03,68.18,20,1,1,,
242,241,164.165000,1,VART_RUNNER,2,5059,1,0.03,68.18,20,1,1,,
243,0,164.598000,1,VART_RUNNER,2,5059,1,0.03,68.03,20,1,1,,
244,243,165.039000,1,VART_RUNNER,2,5059,1,0.03,68.03,20,1,1,,
245,0,165.475000,1,VART_RUNNER,2,5059,1,0.03,68.18,20,1,1,,
246,245,165.915000,1,VART_RUNNER,2,5059,1,0.03,68.18,20,1,1,,
247,0,166.375000,1,VART_RUNNER,2,5059,1,0.03,68.18,20,1,1,,
248,247,166.815000,1,VART_RUNNER,2,5059,1,0.03,68.18,20,1,1,,
249,0,167.254000,1,VART_RUNNER,2,5059,1,0.03,68.65,20,1,1,,
250,249,167.691000,1,VART_RUNNER,2,5059,1,0.03,68.65,20,1,1,,
251,0,168.122000,1,VART_RUNNER,2,5059,1,0.03,68.81,20,1,1,,
252,251,168.558000,1,VART_RUNNER,2,5059,1,0.03,68.81,20,1,1,,
253,0,168.991000,1,VART_RUNNER,2,5059,1,0.03,68.81,20,1,1,,
254,253,169.427000,1,VART_RUNNER,2,5059,1,0.03,68.81,20,1,1,,
255,0,169.857000,1,VART_RUNNER,2,5059,1,0.03,68.18,20,1,1,,
256,255,170.297000,1,VART_RUNNER,2,5059,1,0.03,68.18,20,1,1,,
257,0,170.743000,1,VART_RUNNER,2,5059,1,0.03,68.03,20,1,1,,
258,257,171.184000,1,VART_RUNNER,2,5059,1,0.03,68.03,20,1,1,,
259,0,171.627000,1,VART_RUNNER,2,5059,1,0.03,68.18,20,1,1,,
260,259,172.067000,1,VART_RUNNER,2,5059,1,0.03,68.18,20,1,1,,
261,0,172.503000,1,VART_RUNNER,2,5059,1,0.03,68.34,20,1,1,,
262,261,172.942000,1,VART_RUNNER,2,5059,1,0.03,68.34,20,1,1,,
263,0,173.376000,1,VART_RUNNER,2,5059,1,0.03,68.18,20,1,1,,
264,263,173.816000,1,VART_RUNNER,2,5059,1,0.03,68.18,20,1,1,,
265,0,174.282000,1,VART_RUNNER,2,5059,1,0.03,68.34,20,1,1,,
266,265,174.721000,1,VART_RUNNER,2,5059,1,0.03,68.34,20,1,1,,
267,0,175.164000,1,VART_RUNNER,2,5059,1,0.03,68.03,20,1,1,,
268,267,175.605000,1,VART_RUNNER,2,5059,1,0.03,68.03,20,1,1,,
269,0,176.044000,1,VART_RUNNER,2,5059,1,0.03,68.34,20,1,1,,
270,269,176.483000,1,VART_RUNNER,2,5059,1,0.03,68.34,20,1,1,,
271,0,176.919000,1,VART_RUNNER,2,5059,1,0.03,68.34,20,1,1,,
272,271,177.358000,1,VART_RUNNER,2,5059,1,0.03,68.34,20,1,1,,
273,0,177.792000,1,VART_RUNNER,2,5059,1,0.03,67.26,20,1,1,,
274,273,178.238000,1,VART_RUNNER,2,5059,1,0.03,67.26,20,1,1,,
275,0,178.673000,1,VART_RUNNER,2,5059,1,0.03,68.18,20,1,1,,
276,275,179.113000,1,VART_RUNNER,2,5059,1,0.03,68.18,20,1,1,,
277,0,179.547000,1,VART_RUNNER,2,5059,1,0.03,68.34,20,1,1,,
278,277,179.986000,1,VART_RUNNER,2,5059,1,0.03,68.34,20,1,1,,
279,0,180.422000,1,VART_RUNNER,2,5059,1,0.03,68.34,20,1,1,,
280,279,180.861000,1,VART_RUNNER,2,5059,1,0.03,68.34,20,1,1,,
281,0,181.296000,1,VART_RUNNER,2,5059,1,0.03,68.65,20,1,1,,
282,281,181.733000,1,VART_RUNNER,2,5059,1,0.03,68.65,20,1,1,,
283,0,182.166000,1,VART_RUNNER,2,5059,1,0.03,64.52,20,1,1,,
284,283,182.631000,1,VART_RUNNER,2,5059,1,0.03,64.52,20,1,1,,
285,0,183.073000,1,VART_RUNNER,2,5059,1,0.03,68.34,20,1,1,,
286,285,183.512000,1,VART_RUNNER,2,5059,1,0.03,68.34,20,1,1,,
287,0,183.949000,1,VART_RUNNER,2,5059,1,0.03,68.03,20,1,1,,
288,287,184.390000,1,VART_RUNNER,2,5059,1,0.03,68.03,20,1,1,,
289,0,184.835000,1,VART_RUNNER,2,5059,1,0.03,68.03,20,1,1,,
290,289,185.276000,1,VART_RUNNER,2,5059,1,0.03,68.03,20,1,1,,
291,0,185.712000,1,VART_RUNNER,2,5059,1,0.03,68.03,20,1,1,,
292,291,186.153000,1,VART_RUNNER,2,5059,1,0.03,68.03,20,1,1,,
293,0,186.631000,1,VART_RUNNER,2,5059,1,0.03,68.18,20,1,1,,
294,293,187.071000,1,VART_RUNNER,2,5059,1,0.03,68.18,20,1,1,,
295,0,187.508000,1,VART_RUNNER,2,5059,1,0.03,68.18,20,1,1,,
296,295,187.948000,1,VART_RUNNER,2,5059,1,0.03,68.18,20,1,1,,
297,0,188.384000,1,VART_RUNNER,2,5059,1,0.03,68.03,20,1,1,,
298,297,188.825000,1,VART_RUNNER,2,5059,1,0.03,68.03,20,1,1,,
299,0,189.264000,1,VART_RUNNER,2,5059,1,0.03,67.87,20,1,1,,
300,299,189.706000,1,VART_RUNNER,2,5059,1,0.03,67.87,20,1,1,,
301,0,190.140000,1,VART_RUNNER,2,5059,1,0.03,67.72,20,1,1,,
302,301,190.583000,1,VART_RUNNER,2,5059,1,0.03,67.72,20,1,1,,
303,0,191.026000,1,VART_RUNNER,2,5059,1,0.03,68.18,20,1,1,,
304,303,191.466000,1,VART_RUNNER,2,5059,1,0.03,68.18,20,1,1,,
305,0,191.906000,1,VART_RUNNER,2,5059,1,0.03,68.34,20,1,1,,
306,305,192.345000,1,VART_RUNNER,2,5059,1,0.03,68.34,20,1,1,,
307,0,192.781000,1,VART_RUNNER,2,5059,1,0.03,68.34,20,1,1,,
308,307,193.220000,1,VART_RUNNER,2,5059,1,0.03,68.34,20,1,1,,
309,0,193.656000,1,VART_RUNNER,2,5059,1,0.03,68.18,20,1,1,,
310,309,194.096000,1,VART_RUNNER,2,5059,1,0.03,68.18,20,1,1,,
311,0,194.561000,1,VART_RUNNER,2,5059,1,0.03,68.03,20,1,1,,
312,311,195.002000,1,VART_RUNNER,2,5059,1,0.03,68.03,20,1,1,,
313,0,195.445000,1,VART_RUNNER,2,5059,1,0.03,68.18,20,1,1,,
314,313,195.885000,1,VART_RUNNER,2,5059,1,0.03,68.18,20,1,1,,
315,0,196.322000,1,VART_RUNNER,2,5059,1,0.03,68.18,20,1,1,,
316,315,196.762000,1,VART_RUNNER,2,5059,1,0.03,68.18,20,1,1,,
317,0,197.203000,1,VART_RUNNER,2,5059,1,0.03,68.49,20,1,1,,
318,317,197.641000,1,VART_RUNNER,2,5059,1,0.03,68.49,20,1,1,,
319,0,198.074000,1,VART_RUNNER,2,5059,1,0.03,67.11,20,1,1,,
320,319,198.521000,1,VART_RUNNER,2,5059,1,0.03,67.11,20,1,1,,
321,0,198.956000,1,VART_RUNNER,2,5059,1,0.03,68.18,20,1,1,,
322,321,199.396000,1,VART_RUNNER,2,5059,1,0.03,68.18,20,1,1,,
323,0,199.826000,1,VART_RUNNER,2,5059,1,0.03,68.03,20,1,1,,
324,323,200.267000,1,VART_RUNNER,2,5059,1,0.03,68.03,20,1,1,,
325,0,200.701000,1,VART_RUNNER,2,5059,1,0.03,68.34,20,1,1,,
326,325,201.140000,1,VART_RUNNER,2,5059,1,0.03,68.34,20,1,1,,
327,0,201.575000,1,VART_RUNNER,2,5059,1,0.03,68.49,20,1,1,,
328,327,202.013000,1,VART_RUNNER,2,5059,1,0.03,68.49,20,1,1,,
329,0,202.519000,1,VART_RUNNER,2,5059,1,0.03,67.57,20,1,1,,
330,329,202.963000,1,VART_RUNNER,2,5059,1,0.03,67.57,20,1,1,,
331,0,203.410000,1,VART_RUNNER,2,5059,1,0.03,67.72,20,1,1,,
332,331,203.853000,1,VART_RUNNER,2,5059,1,0.03,67.72,20,1,1,,
333,0,204.295000,1,VART_RUNNER,2,5059,1,0.03,67.87,20,1,1,,
334,333,204.737000,1,VART_RUNNER,2,5059,1,0.03,67.87,20,1,1,,
335,0,205.172000,1,VART_RUNNER,2,5059,1,0.03,67.87,20,1,1,,
336,335,205.614000,1,VART_RUNNER,2,5059,1,0.03,67.87,20,1,1,,
337,0,206.047000,1,VART_RUNNER,2,5059,1,0.03,68.34,20,1,1,,
338,337,206.486000,1,VART_RUNNER,2,5059,1,0.03,68.34,20,1,1,,
339,0,206.925000,1,VART_RUNNER,2,5059,1,0.03,68.18,20,1,1,,
340,339,207.365000,1,VART_RUNNER,2,5059,1,0.03,68.18,20,1,1,,
341,0,207.800000,1,VART_RUNNER,2,5059,1,0.03,68.49,20,1,1,,
342,341,208.238000,1,VART_RUNNER,2,5059,1,0.03,68.49,20,1,1,,
343,0,208.673000,1,VART_RUNNER,2,5059,1,0.03,68.18,20,1,1,,
344,343,209.113000,1,VART_RUNNER,2,5059,1,0.03,68.18,20,1,1,,
345,0,209.547000,1,VART_RUNNER,2,5059,1,0.03,68.18,20,1,1,,
346,345,209.987000,1,VART_RUNNER,2,5059,1,0.03,68.18,20,1,1,,
347,0,210.456000,1,VART_RUNNER,2,5059,1,0.03,67.87,20,1,1,,
348,347,210.898000,1,VART_RUNNER,2,5059,1,0.03,67.87,20,1,1,,
349,0,211.336000,1,VART_RUNNER,2,5059,1,0.03,68.18,20,1,1,,
350,349,211.776000,1,VART_RUNNER,2,5059,1,0.03,68.18,20,1,1,,
351,0,212.209000,1,VART_RUNNER,2,5059,1,0.03,68.18,20,1,1,,
352,351,212.649000,1,VART_RUNNER,2,5059,1,0.03,68.18,20,1,1,,
353,0,213.080000,1,VART_RUNNER,2,5059,1,0.03,68.34,20,1,1,,
354,353,213.519000,1,VART_RUNNER,2,5059,1,0.03,68.34,20,1,1,,
355,0,213.953000,1,VART_RUNNER,2,5059,1,0.03,67.26,20,1,1,,
356,355,214.399000,1,VART_RUNNER,2,5059,1,0.03,67.26,20,1,1,,
357,0,214.839000,1,VART_RUNNER,2,5059,1,0.03,67.87,20,1,1,,
358,357,215.281000,1,VART_RUNNER,2,5059,1,0.03,67.87,20,1,1,,
359,0,215.716000,1,VART_RUNNER,2,5059,1,0.03,68.03,20,1,1,,
360,359,216.157000,1,VART_RUNNER,2,5059,1,0.03,68.03,20,1,1,,
361,0,216.593000,1,VART_RUNNER,2,5059,1,0.03,68.34,20,1,1,,
362,361,217.032000,1,VART_RUNNER,2,5059,1,0.03,68.34,20,1,1,,
363,0,217.466000,1,VART_RUNNER,2,5059,1,0.03,68.03,20,1,1,,
364,363,217.907000,1,VART_RUNNER,2,5059,1,0.03,68.03,20,1,1,,
365,0,218.374000,1,VART_RUNNER,2,5059,1,0.03,68.18,20,1,1,,
366,365,218.814000,1,VART_RUNNER,2,5059,1,0.03,68.18,20,1,1,,
367,0,219.253000,1,VART_RUNNER,2,5059,1,0.03,68.03,20,1,1,,
368,367,219.694000,1,VART_RUNNER,2,5059,1,0.03,68.03,20,1,1,,
369,0,220.131000,1,VART_RUNNER,2,5059,1,0.03,68.18,20,1,1,,
370,369,220.571000,1,VART_RUNNER,2,5059,1,0.03,68.18,20,1,1,,
371,0,221.005000,1,VART_RUNNER,2,5059,1,0.03,68.18,20,1,1,,
372,371,221.445000,1,VART_RUNNER,2,5059,1,0.03,68.18,20,1,1,,
373,0,221.884000,1,VART_RUNNER,2,5059,1,0.03,67.57,20,1,1,,
374,373,222.328000,1,VART_RUNNER,2,5059,1,0.03,67.57,20,1,1,,
375,0,222.765000,1,VART_RUNNER,2,5059,1,0.03,68.65,20,1,1,,
376,375,223.202000,1,VART_RUNNER,2,5059,1,0.03,68.65,20,1,1,,
377,0,223.644000,1,VART_RUNNER,2,5059,1,0.03,68.65,20,1,1,,
378,377,224.081000,1,VART_RUNNER,2,5059,1,0.03,68.65,20,1,1,,
379,0,224.516000,1,VART_RUNNER,2,5059,1,0.03,68.34,20,1,1,,
380,379,224.955000,1,VART_RUNNER,2,5059,1,0.03,68.34,20,1,1,,
381,0,225.393000,1,VART_RUNNER,2,5059,1,0.03,68.49,20,1,1,,
382,381,225.831000,1,VART_RUNNER,2,5059,1,0.03,68.49,20,1,1,,
383,0,226.321000,1,VART_RUNNER,2,5059,1,0.03,68.34,20,1,1,,
384,383,226.760000,1,VART_RUNNER,2,5059,1,0.03,68.34,20,1,1,,
385,0,227.214000,1,VART_RUNNER,2,5059,1,0.03,68.65,20,1,1,,
386,385,227.651000,1,VART_RUNNER,2,5059,1,0.03,68.65,20,1,1,,
387,0,228.087000,1,VART_RUNNER,2,5059,1,0.03,68.65,20,1,1,,
388,387,228.524000,1,VART_RUNNER,2,5059,1,0.03,68.65,20,1,1,,
389,0,228.965000,1,VART_RUNNER,2,5059,1,0.03,68.65,20,1,1,,
390,389,229.402000,1,VART_RUNNER,2,5059,1,0.03,68.65,20,1,1,,
391,0,229.836000,1,VART_RUNNER,2,5059,1,0.03,68.03,20,1,1,,
392,391,230.277000,1,VART_RUNNER,2,5059,1,0.03,68.03,20,1,1,,
393,0,230.721000,1,VART_RUNNER,2,5059,1,0.03,67.72,20,1,1,,
394,393,231.164000,1,VART_RUNNER,2,5059,1,0.03,67.72,20,1,1,,
395,0,231.600000,1,VART_RUNNER,2,5059,1,0.03,68.03,20,1,1,,
396,395,232.041000,1,VART_RUNNER,2,5059,1,0.03,68.03,20,1,1,,
397,0,232.483000,1,VART_RUNNER,2,5059,1,0.03,68.03,20,1,1,,
398,397,232.924000,1,VART_RUNNER,2,5059,1,0.03,68.03,20,1,1,,
399,0,233.360000,1,VART_RUNNER,2,5059,1,0.03,68.18,20,1,1,,
400,399,233.800000,1,VART_RUNNER,2,5059,1,0.03,68.18,20,1,1,,
401,0,234.268000,1,VART_RUNNER,2,5059,1,0.03,68.49,20,1,1,,
402,401,234.706000,1,VART_RUNNER,2,5059,1,0.03,68.49,20,1,1,,
403,0,235.151000,1,VART_RUNNER,2,5059,1,0.03,66.82,20,1,1,,
404,403,235.600000,1,VART_RUNNER,2,5059,1,0.03,66.82,20,1,1,,
405,0,236.036000,1,VART_RUNNER,2,5059,1,0.03,68.34,20,1,1,,
406,405,236.475000,1,VART_RUNNER,2,5059,1,0.03,68.34,20,1,1,,
407,0,236.912000,1,VART_RUNNER,2,5059,1,0.03,68.18,20,1,1,,
408,407,237.352000,1,VART_RUNNER,2,5059,1,0.03,68.18,20,1,1,,
409,0,237.787000,1,VART_RUNNER,2,5059,1,0.03,67.26,20,1,1,,
410,409,238.233000,1,VART_RUNNER,2,5059,1,0.03,67.26,20,1,1,,
411,0,238.668000,1,VART_RUNNER,2,5059,1,0.03,68.34,20,1,1,,
412,411,239.107000,1,VART_RUNNER,2,5059,1,0.03,68.34,20,1,1,,
413,0,239.540000,1,VART_RUNNER,2,5059,1,0.03,68.18,20,1,1,,
414,413,239.980000,1,VART_RUNNER,2,5059,1,0.03,68.18,20,1,1,,
415,0,240.413000,1,VART_RUNNER,2,5059,1,0.03,68.34,20,1,1,,
416,415,240.852000,1,VART_RUNNER,2,5059,1,0.03,68.34,20,1,1,,
417,0,241.285000,1,VART_RUNNER,2,5059,1,0.03,68.18,20,1,1,,
418,417,241.725000,1,VART_RUNNER,2,5059,1,0.03,68.18,20,1,1,,
419,0,242.158000,1,VART_RUNNER,2,5059,1,0.03,63.56,20,1,1,,
420,419,242.630000,1,VART_RUNNER,2,5059,1,0.03,63.56,20,1,1,,
421,0,243.072000,1,VART_RUNNER,2,5059,1,0.03,67.87,20,1,1,,
422,421,243.514000,1,VART_RUNNER,2,5059,1,0.03,67.87,20,1,1,,
423,0,243.952000,1,VART_RUNNER,2,5059,1,0.03,68.34,20,1,1,,
424,423,244.391000,1,VART_RUNNER,2,5059,1,0.03,68.34,20,1,1,,
425,0,244.825000,1,VART_RUNNER,2,5059,1,0.03,68.34,20,1,1,,
426,425,245.264000,1,VART_RUNNER,2,5059,1,0.03,68.34,20,1,1,,
427,0,245.699000,1,VART_RUNNER,2,5059,1,0.03,68.34,20,1,1,,
428,427,246.138000,1,VART_RUNNER,2,5059,1,0.03,68.34,20,1,1,,
429,0,246.605000,1,VART_RUNNER,2,5059,1,0.03,67.72,20,1,1,,
430,429,247.048000,1,VART_RUNNER,2,5059,1,0.03,67.72,20,1,1,,
431,0,247.485000,1,VART_RUNNER,2,5059,1,0.03,68.18,20,1,1,,
432,431,247.925000,1,VART_RUNNER,2,5059,1,0.03,68.18,20,1,1,,
433,0,248.358000,1,VART_RUNNER,2,5059,1,0.03,68.49,20,1,1,,
434,433,248.796000,1,VART_RUNNER,2,5059,1,0.03,68.49,20,1,1,,
435,0,249.230000,1,VART_RUNNER,2,5059,1,0.03,67.87,20,1,1,,
436,435,249.672000,1,VART_RUNNER,2,5059,1,0.03,67.87,20,1,1,,
437,0,250.105000,1,VART_RUNNER,2,5059,1,0.03,67.72,20,1,1,,
438,437,250.548000,1,VART_RUNNER,2,5059,1,0.03,67.72,20,1,1,,
439,0,250.983000,1,VART_RUNNER,2,5059,1,0.03,68.03,20,1,1,,
440,439,251.424000,1,VART_RUNNER,2,5059,1,0.03,68.03,20,1,1,,
441,0,251.860000,1,VART_RUNNER,2,5059,1,0.03,68.34,20,1,1,,
442,441,252.299000,1,VART_RUNNER,2,5059,1,0.03,68.34,20,1,1,,
443,0,252.734000,1,VART_RUNNER,2,5059,1,0.03,68.34,20,1,1,,
444,443,253.173000,1,VART_RUNNER,2,5059,1,0.03,68.34,20,1,1,,
445,0,253.605000,1,VART_RUNNER,2,5059,1,0.03,67.72,20,1,1,,
446,445,254.048000,1,VART_RUNNER,2,5059,1,0.03,67.72,20,1,1,,
447,0,254.518000,1,VART_RUNNER,2,5059,1,0.03,68.49,20,1,1,,
448,447,254.956000,1,VART_RUNNER,2,5059,1,0.03,68.49,20,1,1,,
449,0,255.394000,1,VART_RUNNER,2,5059,1,0.03,68.34,20,1,1,,
450,449,255.833000,1,VART_RUNNER,2,5059,1,0.03,68.34,20,1,1,,
451,0,256.266000,1,VART_RUNNER,2,5059,1,0.03,68.65,20,1,1,,
452,451,256.703000,1,VART_RUNNER,2,5059,1,0.03,68.65,20,1,1,,
453,0,257.138000,1,VART_RUNNER,2,5059,1,0.03,68.34,20,1,1,,
454,453,257.577000,1,VART_RUNNER,2,5059,1,0.03,68.34,20,1,1,,
455,0,258.011000,1,VART_RUNNER,2,5059,1,0.03,68.03,20,1,1,,
456,455,258.452000,1,VART_RUNNER,2,5059,1,0.03,68.03,20,1,1,,
457,0,258.899000,1,VART_RUNNER,2,5059,1,0.03,68.18,20,1,1,,
458,457,259.339000,1,VART_RUNNER,2,5059,1,0.03,68.18,20,1,1,,
459,0,259.777000,1,VART_RUNNER,2,5059,1,0.03,68.03,20,1,1,,
460,459,260.218000,1,VART_RUNNER,2,5059,1,0.03,68.03,20,1,1,,
461,0,260.744000,1,VART_RUNNER,2,5059,1,0.03,68.34,20,1,1,,
462,461,261.183000,1,VART_RUNNER,2,5059,1,0.03,68.34,20,1,1,,
463,0,261.690000,1,VART_RUNNER,2,5059,1,0.03,67.57,20,1,1,,
464,463,262.134000,1,VART_RUNNER,2,5059,1,0.03,67.57,20,1,1,,
465,0,262.604000,1,VART_RUNNER,2,5059,1,0.03,68.18,20,1,1,,
466,465,263.044000,1,VART_RUNNER,2,5059,1,0.03,68.18,20,1,1,,
467,0,263.483000,1,VART_RUNNER,2,5059,1,0.03,68.34,20,1,1,,
468,467,263.922000,1,VART_RUNNER,2,5059,1,0.03,68.34,20,1,1,,
469,0,264.356000,1,VART_RUNNER,2,5059,1,0.03,68.18,20,1,1,,
470,469,264.796000,1,VART_RUNNER,2,5059,1,0.03,68.18,20,1,1,,
471,0,265.226000,1,VART_RUNNER,2,5059,1,0.03,68.18,20,1,1,,
472,471,265.666000,1,VART_RUNNER,2,5059,1,0.03,68.18,20,1,1,,
473,0,266.104000,1,VART_RUNNER,2,5059,1,0.03,68.18,20,1,1,,
474,473,266.544000,1,VART_RUNNER,2,5059,1,0.03,68.18,20,1,1,,
475,0,266.988000,1,VART_RUNNER,2,5059,1,0.03,68.18,20,1,1,,
476,475,267.428000,1,VART_RUNNER,2,5059,1,0.03,68.18,20,1,1,,
477,0,267.863000,1,VART_RUNNER,2,5059,1,0.03,68.34,20,1,1,,
478,477,268.302000,1,VART_RUNNER,2,5059,1,0.03,68.34,20,1,1,,
479,0,268.731000,1,VART_RUNNER,2,5059,1,0.03,68.49,20,1,1,,
480,479,269.169000,1,VART_RUNNER,2,5059,1,0.03,68.49,20,1,1,,
481,0,269.603000,1,VART_RUNNER,2,5059,1,0.03,68.49,20,1,1,,
482,481,270.041000,1,VART_RUNNER,2,5059,1,0.03,68.49,20,1,1,,
483,0,270.506000,1,VART_RUNNER,2,5059,1,0.03,68.18,20,1,1,,
484,483,270.946000,1,VART_RUNNER,2,5059,1,0.03,68.18,20,1,1,,
485,0,271.384000,1,VART_RUNNER,2,5059,1,0.03,68.18,20,1,1,,
486,485,271.824000,1,VART_RUNNER,2,5059,1,0.03,68.18,20,1,1,,
487,0,272.255000,1,VART_RUNNER,2,5059,1,0.03,68.18,20,1,1,,
488,487,272.695000,1,VART_RUNNER,2,5059,1,0.03,68.18,20,1,1,,
489,0,273.125000,1,VART_RUNNER,2,5059,1,0.03,68.34,20,1,1,,
490,489,273.564000,1,VART_RUNNER,2,5059,1,0.03,68.34,20,1,1,,
491,0,273.996000,1,VART_RUNNER,2,5059,1,0.03,66.67,20,1,1,,
492,491,274.446000,1,VART_RUNNER,2,5059,1,0.03,66.67,20,1,1,,
493,0,274.880000,1,VART_RUNNER,2,5059,1,0.03,67.87,20,1,1,,
494,493,275.322000,1,VART_RUNNER,2,5059,1,0.03,67.87,20,1,1,,
495,0,275.754000,1,VART_RUNNER,2,5059,1,0.03,67.87,20,1,1,,
496,495,276.196000,1,VART_RUNNER,2,5059,1,0.03,67.87,20,1,1,,
497,0,276.631000,1,VART_RUNNER,2,5059,1,0.03,68.18,20,1,1,,
498,497,277.071000,1,VART_RUNNER,2,5059,1,0.03,68.18,20,1,1,,
499,0,277.508000,1,VART_RUNNER,2,5059,1,0.03,68.03,20,1,1,,
500,499,277.949000,1,VART_RUNNER,2,5059,1,0.03,68.03,20,1,1,,
501,0,278.420000,1,VART_RUNNER,2,5059,1,0.03,68.34,20,1,1,,
502,501,278.859000,1,VART_RUNNER,2,5059,1,0.03,68.34,20,1,1,,
503,0,279.297000,1,VART_RUNNER,2,5059,1,0.03,68.03,20,1,1,,
504,503,279.738000,1,VART_RUNNER,2,5059,1,0.03,68.03,20,1,1,,
505,0,280.217000,1,VART_RUNNER,2,5059,1,0.03,68.03,20,1,1,,
506,505,280.658000,1,VART_RUNNER,2,5059,1,0.03,68.03,20,1,1,,
507,0,281.091000,1,VART_RUNNER,2,5059,1,0.03,68.03,20,1,1,,
508,507,281.532000,1,VART_RUNNER,2,5059,1,0.03,68.03,20,1,1,,
509,0,281.966000,1,VART_RUNNER,2,5059,1,0.03,67.42,20,1,1,,
510,509,282.411000,1,VART_RUNNER,2,5059,1,0.03,67.42,20,1,1,,
511,0,282.851000,1,VART_RUNNER,2,5059,1,0.03,68.34,20,1,1,,
512,511,283.290000,1,VART_RUNNER,2,5059,1,0.03,68.34,20,1,1,,
513,0,283.732000,1,VART_RUNNER,2,5059,1,0.03,68.03,20,1,1,,
514,513,284.173000,1,VART_RUNNER,2,5059,1,0.03,68.03,20,1,1,,
515,0,284.605000,1,VART_RUNNER,2,5059,1,0.03,68.03,20,1,1,,
516,515,285.046000,1,VART_RUNNER,2,5059,1,0.03,68.03,20,1,1,,
517,0,285.482000,1,VART_RUNNER,2,5059,1,0.03,68.34,20,1,1,,
518,517,285.921000,1,VART_RUNNER,2,5059,1,0.03,68.34,20,1,1,,
519,0,286.392000,1,VART_RUNNER,2,5059,1,0.03,68.18,20,1,1,,
520,519,286.832000,1,VART_RUNNER,2,5059,1,0.03,68.18,20,1,1,,
521,0,287.274000,1,VART_RUNNER,2,5059,1,0.03,68.18,20,1,1,,
522,521,287.714000,1,VART_RUNNER,2,5059,1,0.03,68.18,20,1,1,,
523,0,288.147000,1,VART_RUNNER,2,5059,1,0.03,68.03,20,1,1,,
524,523,288.588000,1,VART_RUNNER,2,5059,1,0.03,68.03,20,1,1,,
525,0,289.028000,1,VART_RUNNER,2,5059,1,0.03,68.34,20,1,1,,
526,525,289.467000,1,VART_RUNNER,2,5059,1,0.03,68.34,20,1,1,,
527,0,289.896000,1,VART_RUNNER,2,5059,1,0.03,67.72,20,1,1,,
528,527,290.339000,1,VART_RUNNER,2,5059,1,0.03,67.72,20,1,1,,
529,0,290.770000,1,VART_RUNNER,2,5059,1,0.03,68.18,20,1,1,,
530,529,291.210000,1,VART_RUNNER,2,5059,1,0.03,68.18,20,1,1,,
531,0,291.641000,1,VART_RUNNER,2,5059,1,0.03,68.18,20,1,1,,
532,531,292.081000,1,VART_RUNNER,2,5059,1,0.03,68.18,20,1,1,,
533,0,292.516000,1,VART_RUNNER,2,5059,1,0.03,68.34,20,1,1,,
534,533,292.955000,1,VART_RUNNER,2,5059,1,0.03,68.34,20,1,1,,
535,0,293.386000,1,VART_RUNNER,2,5059,1,0.03,68.18,20,1,1,,
536,535,293.826000,1,VART_RUNNER,2,5059,1,0.03,68.18,20,1,1,,
537,0,294.296000,1,VART_RUNNER,2,5059,1,0.03,67.87,20,1,1,,
538,537,294.738000,1,VART_RUNNER,2,5059,1,0.03,67.87,20,1,1,,
539,0,295.182000,1,VART_RUNNER,2,5059,1,0.03,67.87,20,1,1,,
540,539,295.624000,1,VART_RUNNER,2,5059,1,0.03,67.87,20,1,1,,
541,0,296.059000,1,VART_RUNNER,2,5059,1,0.03,68.03,20,1,1,,
542,541,296.500000,1,VART_RUNNER,2,5059,1,0.03,68.03,20,1,1,,
543,0,296.932000,1,VART_RUNNER,2,5059,1,0.03,68.18,20,1,1,,
544,543,297.372000,1,VART_RUNNER,2,5059,1,0.03,68.18,20,1,1,,
545,0,297.806000,1,VART_RUNNER,2,5059,1,0.03,67.72,20,1,1,,
546,545,298.249000,1,VART_RUNNER,2,5059,1,0.03,67.72,20,1,1,,
547,0,298.680000,1,VART_RUNNER,2,5059,1,0.03,68.65,20,1,1,,
548,547,299.117000,1,VART_RUNNER,2,5059,1,0.03,68.65,20,1,1,,
549,0,299.556000,1,VART_RUNNER,2,5059,1,0.03,68.49,20,1,1,,
550,549,299.994000,1,VART_RUNNER,2,5059,1,0.03,68.49,20,1,1,,
551,0,300.423000,1,VART_RUNNER,2,5059,1,0.03,68.65,20,1,1,,
552,551,300.860000,1,VART_RUNNER,2,5059,1,0.03,68.65,20,1,1,,
553,0,301.291000,1,VART_RUNNER,2,5059,1,0.03,68.65,20,1,1,,
554,553,301.728000,1,VART_RUNNER,2,5059,1,0.03,68.65,20,1,1,,
555,0,302.158000,1,VART_RUNNER,2,5059,1,0.03,62.24,20,1,1,,
556,555,302.640000,1,VART_RUNNER,2,5059,1,0.03,62.24,20,1,1,,
557,0,303.082000,1,VART_RUNNER,2,5059,1,0.03,68.34,20,1,1,,
558,557,303.521000,1,VART_RUNNER,2,5059,1,0.03,68.34,20,1,1,,
559,0,303.958000,1,VART_RUNNER,2,5059,1,0.03,67.87,20,1,1,,
560,559,304.400000,1,VART_RUNNER,2,5059,1,0.03,67.87,20,1,1,,
561,0,304.835000,1,VART_RUNNER,2,5059,1,0.03,68.34,20,1,1,,
562,561,305.274000,1,VART_RUNNER,2,5059,1,0.03,68.34,20,1,1,,
563,0,305.705000,1,VART_RUNNER,2,5059,1,0.03,68.34,20,1,1,,
564,563,306.144000,1,VART_RUNNER,2,5059,1,0.03,68.34,20,1,1,,
565,0,306.617000,1,VART_RUNNER,2,5059,1,0.03,68.03,20,1,1,,
566,565,307.058000,1,VART_RUNNER,2,5059,1,0.03,68.03,20,1,1,,
567,0,307.492000,1,VART_RUNNER,2,5059,1,0.03,68.34,20,1,1,,
568,567,307.931000,1,VART_RUNNER,2,5059,1,0.03,68.34,20,1,1,,
569,0,308.368000,1,VART_RUNNER,2,5059,1,0.03,68.49,20,1,1,,
570,569,308.806000,1,VART_RUNNER,2,5059,1,0.03,68.49,20,1,1,,
571,0,309.235000,1,VART_RUNNER,2,5059,1,0.03,68.18,20,1,1,,
572,571,309.675000,1,VART_RUNNER,2,5059,1,0.03,68.18,20,1,1,,
573,0,310.105000,1,VART_RUNNER,2,5059,1,0.03,67.42,20,1,1,,
574,573,310.550000,1,VART_RUNNER,2,5059,1,0.03,67.42,20,1,1,,
575,0,310.981000,1,VART_RUNNER,2,5059,1,0.03,68.03,20,1,1,,
576,575,311.422000,1,VART_RUNNER,2,5059,1,0.03,68.03,20,1,1,,
577,0,311.853000,1,VART_RUNNER,2,5059,1,0.03,68.03,20,1,1,,
578,577,312.294000,1,VART_RUNNER,2,5059,1,0.03,68.03,20,1,1,,
579,0,312.724000,1,VART_RUNNER,2,5059,1,0.03,68.34,20,1,1,,
580,579,313.163000,1,VART_RUNNER,2,5059,1,0.03,68.34,20,1,1,,
581,0,313.598000,1,VART_RUNNER,2,5059,1,0.03,68.18,20,1,1,,
582,581,314.038000,1,VART_RUNNER,2,5059,1,0.03,68.18,20,1,1,,
583,0,314.503000,1,VART_RUNNER,2,5059,1,0.03,68.03,20,1,1,,
584,583,314.944000,1,VART_RUNNER,2,5059,1,0.03,68.03,20,1,1,,
585,0,315.388000,1,VART_RUNNER,2,5059,1,0.03,67.87,20,1,1,,
586,585,315.830000,1,VART_RUNNER,2,5059,1,0.03,67.87,20,1,1,,
587,0,316.264000,1,VART_RUNNER,2,5059,1,0.03,68.03,20,1,1,,
588,587,316.705000,1,VART_RUNNER,2,5059,1,0.03,68.03,20,1,1,,
589,0,317.138000,1,VART_RUNNER,2,5059,1,0.03,68.49,20,1,1,,
590,589,317.576000,1,VART_RUNNER,2,5059,1,0.03,68.49,20,1,1,,
591,0,318.006000,1,VART_RUNNER,2,5059,1,0.03,67.42,20,1,1,,
592,591,318.451000,1,VART_RUNNER,2,5059,1,0.03,67.42,20,1,1,,
593,0,318.887000,1,VART_RUNNER,2,5059,1,0.03,68.34,20,1,1,,
594,593,319.326000,1,VART_RUNNER,2,5059,1,0.03,68.34,20,1,1,,
595,0,319.758000,1,VART_RUNNER,2,5059,1,0.03,68.18,20,1,1,,
596,595,320.198000,1,VART_RUNNER,2,5059,1,0.03,68.18,20,1,1,,
597,0,320.631000,1,VART_RUNNER,2,5059,1,0.03,68.49,20,1,1,,
598,597,321.069000,1,VART_RUNNER,2,5059,1,0.03,68.49,20,1,1,,
599,0,321.498000,1,VART_RUNNER,2,5059,1,0.03,68.03,20,1,1,,
600,599,321.939000,1,VART_RUNNER,2,5059,1,0.03,68.03,20,1,1,,
601,0,322.405000,1,VART_RUNNER,2,5059,1,0.03,68.18,20,1,1,,
602,601,322.845000,1,VART_RUNNER,2,5059,1,0.03,68.18,20,1,1,,
603,0,323.280000,1,VART_RUNNER,2,5059,1,0.03,68.03,20,1,1,,
604,603,323.721000,1,VART_RUNNER,2,5059,1,0.03,68.03,20,1,1,,
605,0,324.163000,1,VART_RUNNER,2,5059,1,0.03,68.49,20,1,1,,
606,605,324.601000,1,VART_RUNNER,2,5059,1,0.03,68.49,20,1,1,,
607,0,325.031000,1,VART_RUNNER,2,5059,1,0.03,68.18,20,1,1,,
608,607,325.471000,1,VART_RUNNER,2,5059,1,0.03,68.18,20,1,1,,
609,0,325.912000,1,VART_RUNNER,2,5059,1,0.03,67.57,20,1,1,,
610,609,326.356000,1,VART_RUNNER,2,5059,1,0.03,67.57,20,1,1,,
611,0,326.790000,1,VART_RUNNER,2,5059,1,0.03,68.18,20,1,1,,
612,611,327.230000,1,VART_RUNNER,2,5059,1,0.03,68.18,20,1,1,,
613,0,327.665000,1,VART_RUNNER,2,5059,1,0.03,68.49,20,1,1,,
614,613,328.103000,1,VART_RUNNER,2,5059,1,0.03,68.49,20,1,1,,
615,0,328.532000,1,VART_RUNNER,2,5059,1,0.03,68.18,20,1,1,,
616,615,328.972000,1,VART_RUNNER,2,5059,1,0.03,68.18,20,1,1,,
617,0,329.407000,1,VART_RUNNER,2,5059,1,0.03,68.49,20,1,1,,
618,617,329.845000,1,VART_RUNNER,2,5059,1,0.03,68.49,20,1,1,,
619,0,330.388000,1,VART_RUNNER,2,5059,1,0.03,68.03,20,1,1,,
620,619,330.829000,1,VART_RUNNER,2,5059,1,0.03,68.03,20,1,1,,
621,0,331.355000,1,VART_RUNNER,2,5059,1,0.03,68.34,20,1,1,,
622,621,331.794000,1,VART_RUNNER,2,5059,1,0.03,68.34,20,1,1,,
623,0,332.238000,1,VART_RUNNER,2,5059,1,0.03,68.81,20,1,1,,
624,623,332.674000,1,VART_RUNNER,2,5059,1,0.03,68.81,20,1,1,,
625,0,333.105000,1,VART_RUNNER,2,5059,1,0.03,68.65,20,1,1,,
626,625,333.542000,1,VART_RUNNER,2,5059,1,0.03,68.65,20,1,1,,
627,0,333.975000,1,VART_RUNNER,2,5059,1,0.03,67.87,20,1,1,,
628,627,334.417000,1,VART_RUNNER,2,5059,1,0.03,67.87,20,1,1,,
629,0,334.853000,1,VART_RUNNER,2,5059,1,0.03,67.72,20,1,1,,
630,629,335.296000,1,VART_RUNNER,2,5059,1,0.03,67.72,20,1,1,,
631,0,335.741000,1,VART_RUNNER,2,5059,1,0.03,67.72,20,1,1,,
632,631,336.184000,1,VART_RUNNER,2,5059,1,0.03,67.72,20,1,1,,
633,0,336.618000,1,VART_RUNNER,2,5059,1,0.03,68.03,20,1,1,,
634,633,337.059000,1,VART_RUNNER,2,5059,1,0.03,68.03,20,1,1,,
635,0,337.494000,1,VART_RUNNER,2,5059,1,0.03,68.34,20,1,1,,
636,635,337.933000,1,VART_RUNNER,2,5059,1,0.03,68.34,20,1,1,,
637,0,338.397000,1,VART_RUNNER,2,5059,1,0.03,68.18,20,1,1,,
638,637,338.837000,1,VART_RUNNER,2,5059,1,0.03,68.18,20,1,1,,
639,0,339.478000,1,VART_RUNNER,2,5059,1,0.03,68.03,20,1,1,,
640,639,339.919000,1,VART_RUNNER,2,5059,1,0.03,68.03,20,1,1,,
641,0,340.357000,1,VART_RUNNER,2,5059,1,0.03,68.34,20,1,1,,
642,641,340.796000,1,VART_RUNNER,2,5059,1,0.03,68.34,20,1,1,,
643,0,341.358000,1,VART_RUNNER,2,5059,1,0.03,67.87,20,1,1,,
644,643,341.800000,1,VART_RUNNER,2,5059,1,0.03,67.87,20,1,1,,
645,0,342.285000,1,VART_RUNNER,2,5059,1,0.03,68.34,20,1,1,,
646,645,342.724000,1,VART_RUNNER,2,5059,1,0.03,68.34,20,1,1,,
647,0,343.189000,1,VART_RUNNER,2,5059,1,0.03,68.34,20,1,1,,
648,647,343.628000,1,VART_RUNNER,2,5059,1,0.03,68.34,20,1,1,,
649,0,344.069000,1,VART_RUNNER,2,5059,1,0.03,67.87,20,1,1,,
650,649,344.511000,1,VART_RUNNER,2,5059,1,0.03,67.87,20,1,1,,
651,0,344.943000,1,VART_RUNNER,2,5059,1,0.03,68.18,20,1,1,,
652,651,345.383000,1,VART_RUNNER,2,5059,1,0.03,68.18,20,1,1,,
653,0,345.821000,1,VART_RUNNER,2,5059,1,0.03,66.96,20,1,1,,
654,653,346.269000,1,VART_RUNNER,2,5059,1,0.03,66.96,20,1,1,,
655,0,346.698000,1,VART_RUNNER,2,5059,1,0.03,68.18,20,1,1,,
656,655,347.138000,1,VART_RUNNER,2,5059,1,0.03,68.18,20,1,1,,
657,0,347.571000,1,VART_RUNNER,2,5059,1,0.03,68.18,20,1,1,,
658,657,348.011000,1,VART_RUNNER,2,5059,1,0.03,68.18,20,1,1,,
659,0,348.443000,1,VART_RUNNER,2,5059,1,0.03,68.34,20,1,1,,
660,659,348.882000,1,VART_RUNNER,2,5059,1,0.03,68.34,20,1,1,,
661,0,349.315000,1,VART_RUNNER,2,5059,1,0.03,67.87,20,1,1,,
662,661,349.757000,1,VART_RUNNER,2,5059,1,0.03,67.87,20,1,1,,
663,0,350.216000,1,VART_RUNNER,2,5059,1,0.03,68.34,20,1,1,,
664,663,350.655000,1,VART_RUNNER,2,5059,1,0.03,68.34,20,1,1,,
665,0,351.096000,1,VART_RUNNER,2,5059,1,0.03,68.03,20,1,1,,
666,665,351.537000,1,VART_RUNNER,2,5059,1,0.03,68.03,20,1,1,,
667,0,351.964000,1,VART_RUNNER,2,5059,1,0.03,68.65,20,1,1,,
668,667,352.401000,1,VART_RUNNER,2,5059,1,0.03,68.65,20,1,1,,
669,0,352.836000,1,VART_RUNNER,2,5059,1,0.03,68.65,20,1,1,,
670,669,353.273000,1,VART_RUNNER,2,5059,1,0.03,68.65,20,1,1,,
671,0,353.706000,1,VART_RUNNER,2,5059,1,0.03,67.87,20,1,1,,
672,671,354.148000,1,VART_RUNNER,2,5059,1,0.03,67.87,20,1,1,,
673,0,354.614000,1,VART_RUNNER,2,5059,1,0.03,68.03,20,1,1,,
674,673,355.055000,1,VART_RUNNER,2,5059,1,0.03,68.03,20,1,1,,
675,0,355.488000,1,VART_RUNNER,2,5059,1,0.03,68.03,20,1,1,,
676,675,355.929000,1,VART_RUNNER,2,5059,1,0.03,68.03,20,1,1,,
677,0,356.362000,1,VART_RUNNER,2,5059,1,0.03,67.87,20,1,1,,
678,677,356.804000,1,VART_RUNNER,2,5059,1,0.03,67.87,20,1,1,,
679,0,357.230000,1,VART_RUNNER,2,5059,1,0.03,68.18,20,1,1,,
680,679,357.670000,1,VART_RUNNER,2,5059,1,0.03,68.18,20,1,1,,
681,0,358.101000,1,VART_RUNNER,2,5059,1,0.03,68.18,20,1,1,,
682,681,358.541000,1,VART_RUNNER,2,5059,1,0.03,68.18,20,1,1,,
683,0,358.975000,1,VART_RUNNER,2,5059,1,0.03,68.49,20,1,1,,
684,683,359.413000,1,VART_RUNNER,2,5059,1,0.03,68.49,20,1,1,,
685,0,359.849000,1,VART_RUNNER,2,5059,1,0.03,68.18,20,1,1,,
686,685,360.289000,1,VART_RUNNER,2,5059,1,0.03,68.18,20,1,1,,
687,0,360.714000,1,VART_RUNNER,2,5059,1,0.03,68.34,20,1,1,,
688,687,361.153000,1,VART_RUNNER,2,5059,1,0.03,68.34,20,1,1,,
689,0,361.585000,1,VART_RUNNER,2,5059,1,0.03,68.34,20,1,1,,
690,689,362.024000,1,VART_RUNNER,2,5059,1,0.03,68.34,20,1,1,,
691,0,362.525000,1,VART_RUNNER,2,5059,1,0.03,68.03,20,1,1,,
692,691,362.966000,1,VART_RUNNER,2,5059,1,0.03,68.03,20,1,1,,
693,0,363.404000,1,VART_RUNNER,2,5059,1,0.03,67.87,20,1,1,,
694,693,363.846000,1,VART_RUNNER,2,5059,1,0.03,67.87,20,1,1,,
695,0,364.274000,1,VART_RUNNER,2,5059,1,0.03,68.34,20,1,1,,
696,695,364.713000,1,VART_RUNNER,2,5059,1,0.03,68.34,20,1,1,,
697,0,365.146000,1,VART_RUNNER,2,5059,1,0.03,68.03,20,1,1,,
698,697,365.587000,1,VART_RUNNER,2,5059,1,0.03,68.03,20,1,1,,
699,0,366.012000,1,VART_RUNNER,2,5059,1,0.03,67.57,20,1,1,,
700,699,366.456000,1,VART_RUNNER,2,5059,1,0.03,67.57,20,1,1,,
701,0,366.886000,1,VART_RUNNER,2,5059,1,0.03,67.87,20,1,1,,
702,701,367.328000,1,VART_RUNNER,2,5059,1,0.03,67.87,20,1,1,,
703,0,367.756000,1,VART_RUNNER,2,5059,1,0.03,68.18,20,1,1,,
704,703,368.196000,1,VART_RUNNER,2,5059,1,0.03,68.18,20,1,1,,
705,0,368.631000,1,VART_RUNNER,2,5059,1,0.03,68.03,20,1,1,,
706,705,369.072000,1,VART_RUNNER,2,5059,1,0.03,68.03,20,1,1,,
707,0,369.506000,1,VART_RUNNER,2,5059,1,0.03,68.18,20,1,1,,
708,707,369.946000,1,VART_RUNNER,2,5059,1,0.03,68.18,20,1,1,,
709,0,370.406000,1,VART_RUNNER,2,5059,1,0.03,67.87,20,1,1,,
710,709,370.848000,1,VART_RUNNER,2,5059,1,0.03,67.87,20,1,1,,
711,0,371.281000,1,VART_RUNNER,2,5059,1,0.03,68.18,20,1,1,,
712,711,371.721000,1,VART_RUNNER,2,5059,1,0.03,68.18,20,1,1,,
713,0,372.158000,1,VART_RUNNER,2,5059,1,0.03,68.18,20,1,1,,
714,713,372.598000,1,VART_RUNNER,2,5059,1,0.03,68.18,20,1,1,,
715,0,373.028000,1,VART_RUNNER,2,5059,1,0.03,68.18,20,1,1,,
716,715,373.468000,1,VART_RUNNER,2,5059,1,0.03,68.18,20,1,1,,
717,0,373.899000,1,VART_RUNNER,2,5059,1,0.03,66.67,20,1,1,,
718,717,374.349000,1,VART_RUNNER,2,5059,1,0.03,66.67,20,1,1,,
719,0,374.777000,1,VART_RUNNER,2,5059,1,0.03,68.18,20,1,1,,
720,719,375.217000,1,VART_RUNNER,2,5059,1,0.03,68.18,20,1,1,,
721,0,375.657000,1,VART_RUNNER,2,5059,1,0.03,67.72,20,1,1,,
722,721,376.100000,1,VART_RUNNER,2,5059,1,0.03,67.72,20,1,1,,
723,0,376.529000,1,VART_RUNNER,2,5059,1,0.03,68.18,20,1,1,,
724,723,376.969000,1,VART_RUNNER,2,5059,1,0.03,68.18,20,1,1,,
725,0,377.402000,1,VART_RUNNER,2,5059,1,0.03,68.18,20,1,1,,
726,725,377.842000,1,VART_RUNNER,2,5059,1,0.03,68.18,20,1,1,,
727,0,378.299000,1,VART_RUNNER,2,5059,1,0.03,68.18,20,1,1,,
728,727,378.739000,1,VART_RUNNER,2,5059,1,0.03,68.18,20,1,1,,
729,0,379.178000,1,VART_RUNNER,2,5059,1,0.03,67.72,20,1,1,,
730,729,379.621000,1,VART_RUNNER,2,5059,1,0.03,67.72,20,1,1,,
731,0,380.048000,1,VART_RUNNER,2,5059,1,0.03,68.34,20,1,1,,
732,731,380.487000,1,VART_RUNNER,2,5059,1,0.03,68.34,20,1,1,,
733,0,380.919000,1,VART_RUNNER,2,5059,1,0.03,67.87,20,1,1,,
734,733,381.361000,1,VART_RUNNER,2,5059,1,0.03,67.87,20,1,1,,
735,0,381.787000,1,VART_RUNNER,2,5059,1,0.03,67.57,20,1,1,,
736,735,382.231000,1,VART_RUNNER,2,5059,1,0.03,67.57,20,1,1,,
737,0,382.663000,1,VART_RUNNER,2,5059,1,0.03,68.03,20,1,1,,
738,737,383.104000,1,VART_RUNNER,2,5059,1,0.03,68.03,20,1,1,,
739,0,383.532000,1,VART_RUNNER,2,5059,1,0.03,68.18,20,1,1,,
740,739,383.972000,1,VART_RUNNER,2,5059,1,0.03,68.18,20,1,1,,
741,0,384.408000,1,VART_RUNNER,2,5059,1,0.03,68.03,20,1,1,,
742,741,384.849000,1,VART_RUNNER,2,5059,1,0.03,68.03,20,1,1,,
743,0,385.277000,1,VART_RUNNER,2,5059,1,0.03,68.34,20,1,1,,
744,743,385.716000,1,VART_RUNNER,2,5059,1,0.03,68.34,20,1,1,,
745,0,386.147000,1,VART_RUNNER,2,5059,1,0.03,63.56,20,1,1,,
746,745,386.619000,1,VART_RUNNER,2,5059,1,0.03,63.56,20,1,1,,
747,0,387.056000,1,VART_RUNNER,2,5059,1,0.03,68.49,20,1,1,,
748,747,387.494000,1,VART_RUNNER,2,5059,1,0.03,68.49,20,1,1,,
749,0,387.930000,1,VART_RUNNER,2,5059,1,0.03,68.34,20,1,1,,
750,749,388.369000,1,VART_RUNNER,2,5059,1,0.03,68.34,20,1,1,,
751,0,388.793000,1,VART_RUNNER,2,5059,1,0.03,68.49,20,1,1,,
752,751,389.231000,1,VART_RUNNER,2,5059,1,0.03,68.49,20,1,1,,
753,0,389.664000,1,VART_RUNNER,2,5059,1,0.03,67.87,20,1,1,,
754,753,390.106000,1,VART_RUNNER,2,5059,1,0.03,67.87,20,1,1,,
755,0,390.597000,1,VART_RUNNER,2,5059,1,0.03,68.18,20,1,1,,
756,755,391.037000,1,VART_RUNNER,2,5059,1,0.03,68.18,20,1,1,,
757,0,391.475000,1,VART_RUNNER,2,5059,1,0.03,68.65,20,1,1,,
758,757,391.912000,1,VART_RUNNER,2,5059,1,0.03,68.65,20,1,1,,
759,0,392.342000,1,VART_RUNNER,2,5059,1,0.03,68.81,20,1,1,,
760,759,392.778000,1,VART_RUNNER,2,5059,1,0.03,68.81,20,1,1,,
761,0,393.208000,1,VART_RUNNER,2,5059,1,0.03,68.65,20,1,1,,
762,761,393.645000,1,VART_RUNNER,2,5059,1,0.03,68.65,20,1,1,,
763,0,394.075000,1,VART_RUNNER,2,5059,1,0.03,67.87,20,1,1,,
764,763,394.517000,1,VART_RUNNER,2,5059,1,0.03,67.87,20,1,1,,
765,0,394.955000,1,VART_RUNNER,2,5059,1,0.03,67.11,20,1,1,,
766,765,395.402000,1,VART_RUNNER,2,5059,1,0.03,67.11,20,1,1,,
767,0,395.831000,1,VART_RUNNER,2,5059,1,0.03,68.03,20,1,1,,
768,767,396.272000,1,VART_RUNNER,2,5059,1,0.03,68.03,20,1,1,,
769,0,396.709000,1,VART_RUNNER,2,5059,1,0.03,67.87,20,1,1,,
770,769,397.151000,1,VART_RUNNER,2,5059,1,0.03,67.87,20,1,1,,
771,0,397.582000,1,VART_RUNNER,2,5059,1,0.03,68.49,20,1,1,,
772,771,398.020000,1,VART_RUNNER,2,5059,1,0.03,68.49,20,1,1,,
773,0,398.485000,1,VART_RUNNER,2,5059,1,0.03,68.03,20,1,1,,
774,773,398.926000,1,VART_RUNNER,2,5059,1,0.03,68.03,20,1,1,,
775,0,399.356000,1,VART_RUNNER,2,5059,1,0.03,68.49,20,1,1,,
776,775,399.794000,1,VART_RUNNER,2,5059,1,0.03,68.49,20,1,1,,
777,0,400.234000,1,VART_RUNNER,2,5059,1,0.03,67.87,20,1,1,,
778,777,400.676000,1,VART_RUNNER,2,5059,1,0.03,67.87,20,1,1,,
779,0,401.103000,1,VART_RUNNER,2,5059,1,0.03,68.49,20,1,1,,
780,779,401.541000,1,VART_RUNNER,2,5059,1,0.03,68.49,20,1,1,,
781,0,401.969000,1,VART_RUNNER,2,5059,1,0.03,67.42,20,1,1,,
782,781,402.414000,1,VART_RUNNER,2,5059,1,0.03,67.42,20,1,1,,
783,0,402.840000,1,VART_RUNNER,2,5059,1,0.03,68.34,20,1,1,,
784,783,403.279000,1,VART_RUNNER,2,5059,1,0.03,68.34,20,1,1,,
785,0,403.714000,1,VART_RUNNER,2,5059,1,0.03,67.87,20,1,1,,
786,785,404.156000,1,VART_RUNNER,2,5059,1,0.03,67.87,20,1,1,,
787,0,404.585000,1,VART_RUNNER,2,5059,1,0.03,68.18,20,1,1,,
788,787,405.025000,1,VART_RUNNER,2,5059,1,0.03,68.18,20,1,1,,
789,0,405.463000,1,VART_RUNNER,2,5059,1,0.03,67.87,20,1,1,,
790,789,405.905000,1,VART_RUNNER,2,5059,1,0.03,67.87,20,1,1,,
791,0,406.360000,1,VART_RUNNER,2,5059,1,0.03,68.03,20,1,1,,
792,791,406.801000,1,VART_RUNNER,2,5059,1,0.03,68.03,20,1,1,,
793,0,407.239000,1,VART_RUNNER,2,5059,1,0.03,68.03,20,1,1,,
794,793,407.680000,1,VART_RUNNER,2,5059,1,0.03,68.03,20,1,1,,
795,0,408.108000,1,VART_RUNNER,2,5059,1,0.03,68.34,20,1,1,,
796,795,408.547000,1,VART_RUNNER,2,5059,1,0.03,68.34,20,1,1,,
797,0,408.980000,1,VART_RUNNER,2,5059,1,0.03,68.03,20,1,1,,
798,797,409.421000,1,VART_RUNNER,2,5059,1,0.03,68.03,20,1,1,,
799,0,409.844000,1,VART_RUNNER,2,5059,1,0.03,67.72,20,1,1,,
800,799,410.287000,1,VART_RUNNER,2,5059,1,0.03,67.72,20,1,1,,
801,0,410.721000,1,VART_RUNNER,2,5059,1,0.03,67.72,20,1,1,,
802,801,411.164000,1,VART_RUNNER,2,5059,1,0.03,67.72,20,1,1,,
803,0,411.598000,1,VART_RUNNER,2,5059,1,0.03,68.03,20,1,1,,
804,803,412.039000,1,VART_RUNNER,2,5059,1,0.03,68.03,20,1,1,,
805,0,412.473000,1,VART_RUNNER,2,5059,1,0.03,68.03,20,1,1,,
806,805,412.914000,1,VART_RUNNER,2,5059,1,0.03,68.03,20,1,1,,
807,0,413.342000,1,VART_RUNNER,2,5059,1,0.03,68.18,20,1,1,,
808,807,413.782000,1,VART_RUNNER,2,5059,1,0.03,68.18,20,1,1,,
809,0,414.235000,1,VART_RUNNER,2,5059,1,0.03,68.34,20,1,1,,
810,809,414.674000,1,VART_RUNNER,2,5059,1,0.03,68.34,20,1,1,,
811,0,415.104000,1,VART_RUNNER,2,5059,1,0.03,67.72,20,1,1,,
812,811,415.547000,1,VART_RUNNER,2,5059,1,0.03,67.72,20,1,1,,
813,0,415.975000,1,VART_RUNNER,2,5059,1,0.03,67.57,20,1,1,,
814,813,416.419000,1,VART_RUNNER,2,5059,1,0.03,67.57,20,1,1,,
815,0,416.847000,1,VART_RUNNER,2,5059,1,0.03,68.18,20,1,1,,
816,815,417.287000,1,VART_RUNNER,2,5059,1,0.03,68.18,20,1,1,,
817,0,417.713000,1,VART_RUNNER,2,5059,1,0.03,68.34,20,1,1,,
818,817,418.152000,1,VART_RUNNER,2,5059,1,0.03,68.34,20,1,1,,
819,0,418.612000,1,VART_RUNNER,2,5059,1,0.03,68.03,20,1,1,,
820,819,419.053000,1,VART_RUNNER,2,5059,1,0.03,68.03,20,1,1,,
821,0,419.485000,1,VART_RUNNER,2,5059,1,0.03,68.03,20,1,1,,
822,821,419.926000,1,VART_RUNNER,2,5059,1,0.03,68.03,20,1,1,,
823,0,420.354000,1,VART_RUNNER,2,5059,1,0.03,68.18,20,1,1,,
824,823,420.794000,1,VART_RUNNER,2,5059,1,0.03,68.18,20,1,1,,
825,0,421.220000,1,VART_RUNNER,2,5059,1,0.03,68.34,20,1,1,,
826,825,421.659000,1,VART_RUNNER,2,5059,1,0.03,68.34,20,1,1,,
827,0,422.088000,1,VART_RUNNER,2,5059,1,0.03,67.42,20,1,1,,
828,827,422.533000,1,VART_RUNNER,2,5059,1,0.03,67.42,20,1,1,,
829,0,422.961000,1,VART_RUNNER,2,5059,1,0.03,68.34,20,1,1,,
830,829,423.400000,1,VART_RUNNER,2,5059,1,0.03,68.34,20,1,1,,
831,0,423.828000,1,VART_RUNNER,2,5059,1,0.03,68.18,20,1,1,,
832,831,424.268000,1,VART_RUNNER,2,5059,1,0.03,68.18,20,1,1,,
833,0,424.775000,1,VART_RUNNER,2,5059,1,0.03,67.57,20,1,1,,
834,833,425.219000,1,VART_RUNNER,2,5059,1,0.03,67.57,20,1,1,,
835,0,425.688000,1,VART_RUNNER,2,5059,1,0.03,67.72,20,1,1,,
836,835,426.131000,1,VART_RUNNER,2,5059,1,0.03,67.72,20,1,1,,
837,0,426.610000,1,VART_RUNNER,2,5059,1,0.03,67.42,20,1,1,,
838,837,427.055000,1,VART_RUNNER,2,5059,1,0.03,67.42,20,1,1,,
839,0,427.492000,1,VART_RUNNER,2,5059,1,0.03,68.03,20,1,1,,
840,839,427.933000,1,VART_RUNNER,2,5059,1,0.03,68.03,20,1,1,,
841,0,428.367000,1,VART_RUNNER,2,5059,1,0.03,68.03,20,1,1,,
842,841,428.808000,1,VART_RUNNER,2,5059,1,0.03,68.03,20,1,1,,
843,0,429.238000,1,VART_RUNNER,2,5059,1,0.03,68.18,20,1,1,,
844,843,429.678000,1,VART_RUNNER,2,5059,1,0.03,68.18,20,1,1,,
845,0,430.107000,1,VART_RUNNER,2,5059,1,0.03,67.42,20,1,1,,
846,845,430.552000,1,VART_RUNNER,2,5059,1,0.03,67.42,20,1,1,,
847,0,430.982000,1,VART_RUNNER,2,5059,1,0.03,68.18,20,1,1,,
848,847,431.422000,1,VART_RUNNER,2,5059,1,0.03,68.18,20,1,1,,
849,0,431.854000,1,VART_RUNNER,2,5059,1,0.03,67.87,20,1,1,,
850,849,432.296000,1,VART_RUNNER,2,5059,1,0.03,67.87,20,1,1,,
851,0,432.721000,1,VART_RUNNER,2,5059,1,0.03,68.34,20,1,1,,
852,851,433.160000,1,VART_RUNNER,2,5059,1,0.03,68.34,20,1,1,,
853,0,433.594000,1,VART_RUNNER,2,5059,1,0.03,68.03,20,1,1,,
854,853,434.035000,1,VART_RUNNER,2,5059,1,0.03,68.03,20,1,1,,
855,0,434.499000,1,VART_RUNNER,2,5059,1,0.03,68.34,20,1,1,,
856,855,434.938000,1,VART_RUNNER,2,5059,1,0.03,68.34,20,1,1,,
857,0,435.373000,1,VART_RUNNER,2,5059,1,0.03,68.18,20,1,1,,
858,857,435.813000,1,VART_RUNNER,2,5059,1,0.03,68.18,20,1,1,,
859,0,436.243000,1,VART_RUNNER,2,5059,1,0.03,68.65,20,1,1,,
860,859,436.680000,1,VART_RUNNER,2,5059,1,0.03,68.65,20,1,1,,
861,0,437.108000,1,VART_RUNNER,2,5059,1,0.03,68.65,20,1,1,,
862,861,437.545000,1,VART_RUNNER,2,5059,1,0.03,68.65,20,1,1,,
863,0,437.968000,1,VART_RUNNER,2,5059,1,0.03,67.72,20,1,1,,
864,863,438.411000,1,VART_RUNNER,2,5059,1,0.03,67.72,20,1,1,,
865,0,438.853000,1,VART_RUNNER,2,5059,1,0.03,67.87,20,1,1,,
866,865,439.295000,1,VART_RUNNER,2,5059,1,0.03,67.87,20,1,1,,
867,0,439.726000,1,VART_RUNNER,2,5059,1,0.03,68.18,20,1,1,,
868,867,440.166000,1,VART_RUNNER,2,5059,1,0.03,68.18,20,1,1,,
869,0,440.597000,1,VART_RUNNER,2,5059,1,0.03,68.03,20,1,1,,
870,869,441.038000,1,VART_RUNNER,2,5059,1,0.03,68.03,20,1,1,,
871,0,441.469000,1,VART_RUNNER,2,5059,1,0.03,68.18,20,1,1,,
872,871,441.909000,1,VART_RUNNER,2,5059,1,0.03,68.18,20,1,1,,
873,0,442.370000,1,VART_RUNNER,2,5059,1,0.03,67.72,20,1,1,,
874,873,442.813000,1,VART_RUNNER,2,5059,1,0.03,67.72,20,1,1,,
875,0,443.255000,1,VART_RUNNER,2,5059,1,0.03,68.18,20,1,1,,
876,875,443.695000,1,VART_RUNNER,2,5059,1,0.03,68.18,20,1,1,,
877,0,444.129000,1,VART_RUNNER,2,5059,1,0.03,68.34,20,1,1,,
878,877,444.568000,1,VART_RUNNER,2,5059,1,0.03,68.34,20,1,1,,
879,0,444.995000,1,VART_RUNNER,2,5059,1,0.03,68.18,20,1,1,,
880,879,445.435000,1,VART_RUNNER,2,5059,1,0.03,68.18,20,1,1,,
881,0,445.867000,1,VART_RUNNER,2,5059,1,0.03,67.11,20,1,1,,
882,881,446.314000,1,VART_RUNNER,2,5059,1,0.03,67.11,20,1,1,,
883,0,446.743000,1,VART_RUNNER,2,5059,1,0.03,68.18,20,1,1,,
884,883,447.183000,1,VART_RUNNER,2,5059,1,0.03,68.18,20,1,1,,
885,0,447.619000,1,VART_RUNNER,2,5059,1,0.03,68.03,20,1,1,,
886,885,448.060000,1,VART_RUNNER,2,5059,1,0.03,68.03,20,1,1,,
887,0,448.490000,1,VART_RUNNER,2,5059,1,0.03,68.18,20,1,1,,
888,887,448.930000,1,VART_RUNNER,2,5059,1,0.03,68.18,20,1,1,,
889,0,449.362000,1,VART_RUNNER,2,5059,1,0.03,68.18,20,1,1,,
890,889,449.802000,1,VART_RUNNER,2,5059,1,0.03,68.18,20,1,1,,
891,0,450.265000,1,VART_RUNNER,2,5059,1,0.03,68.18,20,1,1,,
892,891,450.705000,1,VART_RUNNER,2,5059,1,0.03,68.18,20,1,1,,
893,0,451.148000,1,VART_RUNNER,2,5059,1,0.03,68.34,20,1,1,,
894,893,451.587000,1,VART_RUNNER,2,5059,1,0.03,68.34,20,1,1,,
895,0,452.019000,1,VART_RUNNER,2,5059,1,0.03,68.34,20,1,1,,
896,895,452.458000,1,VART_RUNNER,2,5059,1,0.03,68.34,20,1,1,,
897,0,452.892000,1,VART_RUNNER,2,5059,1,0.03,68.18,20,1,1,,
898,897,453.332000,1,VART_RUNNER,2,5059,1,0.03,68.18,20,1,1,,
899,0,453.761000,1,VART_RUNNER,2,5059,1,0.03,63.97,20,1,1,,
900,899,454.230000,1,VART_RUNNER,2,5059,1,0.03,63.97,20,1,1,,
901,0,454.666000,1,VART_RUNNER,2,5059,1,0.03,67.87,20,1,1,,
902,901,455.108000,1,VART_RUNNER,2,5059,1,0.03,67.87,20,1,1,,
903,0,455.550000,1,VART_RUNNER,2,5059,1,0.03,68.03,20,1,1,,
904,903,455.991000,1,VART_RUNNER,2,5059,1,0.03,68.03,20,1,1,,
905,0,456.427000,1,VART_RUNNER,2,5059,1,0.03,68.18,20,1,1,,
906,905,456.867000,1,VART_RUNNER,2,5059,1,0.03,68.18,20,1,1,,
907,0,457.300000,1,VART_RUNNER,2,5059,1,0.03,68.03,20,1,1,,
908,907,457.741000,1,VART_RUNNER,2,5059,1,0.03,68.03,20,1,1,,
909,0,458.208000,1,VART_RUNNER,2,5059,1,0.03,68.03,20,1,1,,
910,909,458.649000,1,VART_RUNNER,2,5059,1,0.03,68.03,20,1,1,,
911,0,459.087000,1,VART_RUNNER,2,5059,1,0.03,68.18,20,1,1,,
912,911,459.527000,1,VART_RUNNER,2,5059,1,0.03,68.18,20,1,1,,
913,0,459.967000,1,VART_RUNNER,2,5059,1,0.03,68.18,20,1,1,,
914,913,460.407000,1,VART_RUNNER,2,5059,1,0.03,68.18,20,1,1,,
915,0,460.903000,1,VART_RUNNER,2,5059,1,0.03,68.18,20,1,1,,
916,915,461.343000,1,VART_RUNNER,2,5059,1,0.03,68.18,20,1,1,,
917,0,461.845000,1,VART_RUNNER,2,5059,1,0.03,67.57,20,1,1,,
918,917,462.289000,1,VART_RUNNER,2,5059,1,0.03,67.57,20,1,1,,
919,0,462.729000,1,VART_RUNNER,2,5059,1,0.03,68.81,20,1,1,,
920,919,463.165000,1,VART_RUNNER,2,5059,1,0.03,68.81,20,1,1,,
921,0,463.602000,1,VART_RUNNER,2,5059,1,0.03,68.49,20,1,1,,
922,921,464.040000,1,VART_RUNNER,2,5059,1,0.03,68.49,20,1,1,,
923,0,464.499000,1,VART_RUNNER,2,5059,1,0.03,68.65,20,1,1,,
924,923,464.936000,1,VART_RUNNER,2,5059,1,0.03,68.65,20,1,1,,
925,0,465.374000,1,VART_RUNNER,2,5059,1,0.03,68.49,20,1,1,,
926,925,465.812000,1,VART_RUNNER,2,5059,1,0.03,68.49,20,1,1,,
927,0,466.319000,1,VART_RUNNER,2,5059,1,0.03,67.87,20,1,1,,
928,927,466.761000,1,VART_RUNNER,2,5059,1,0.03,67.87,20,1,1,,
929,0,467.202000,1,VART_RUNNER,2,5059,1,0.03,67.87,20,1,1,,
930,929,467.644000,1,VART_RUNNER,2,5059,1,0.03,67.87,20,1,1,,
931,0,468.077000,1,VART_RUNNER,2,5059,1,0.03,68.34,20,1,1,,
932,931,468.516000,1,VART_RUNNER,2,5059,1,0.03,68.34,20,1,1,,
933,0,468.954000,1,VART_RUNNER,2,5059,1,0.03,67.87,20,1,1,,
934,933,469.396000,1,VART_RUNNER,2,5059,1,0.03,67.87,20,1,1,,
935,0,469.824000,1,VART_RUNNER,2,5059,1,0.03,67.42,20,1,1,,
936,935,470.269000,1,VART_RUNNER,2,5059,1,0.03,67.42,20,1,1,,
937,0,470.705000,1,VART_RUNNER,2,5059,1,0.03,67.87,20,1,1,,
938,937,471.147000,1,VART_RUNNER,2,5059,1,0.03,67.87,20,1,1,,
939,0,471.579000,1,VART_RUNNER,2,5059,1,0.03,68.18,20,1,1,,
940,939,472.019000,1,VART_RUNNER,2,5059,1,0.03,68.18,20,1,1,,
941,0,472.452000,1,VART_RUNNER,2,5059,1,0.03,67.87,20,1,1,,
942,941,472.894000,1,VART_RUNNER,2,5059,1,0.03,67.87,20,1,1,,
943,0,473.321000,1,VART_RUNNER,2,5059,1,0.03,68.34,20,1,1,,
944,943,473.760000,1,VART_RUNNER,2,5059,1,0.03,68.34,20,1,1,,
945,0,474.219000,1,VART_RUNNER,2,5059,1,0.03,67.87,20,1,1,,
946,945,474.661000,1,VART_RUNNER,2,5059,1,0.03,67.87,20,1,1,,
947,0,475.092000,1,VART_RUNNER,2,5059,1,0.03,67.57,20,1,1,,
948,947,475.536000,1,VART_RUNNER,2,5059,1,0.03,67.57,20,1,1,,
949,0,475.974000,1,VART_RUNNER,2,5059,1,0.03,68.03,20,1,1,,
950,949,476.415000,1,VART_RUNNER,2,5059,1,0.03,68.03,20,1,1,,
951,0,476.846000,1,VART_RUNNER,2,5059,1,0.03,68.49,20,1,1,,
952,951,477.284000,1,VART_RUNNER,2,5059,1,0.03,68.49,20,1,1,,
953,0,477.715000,1,VART_RUNNER,2,5059,1,0.03,68.03,20,1,1,,
954,953,478.156000,1,VART_RUNNER,2,5059,1,0.03,68.03,20,1,1,,
955,0,478.613000,1,VART_RUNNER,2,5059,1,0.03,68.03,20,1,1,,
956,955,479.054000,1,VART_RUNNER,2,5059,1,0.03,68.03,20,1,1,,
957,0,479.488000,1,VART_RUNNER,2,5059,1,0.03,67.87,20,1,1,,
958,957,479.930000,1,VART_RUNNER,2,5059,1,0.03,67.87,20,1,1,,
959,0,480.357000,1,VART_RUNNER,2,5059,1,0.03,68.18,20,1,1,,
960,959,480.797000,1,VART_RUNNER,2,5059,1,0.03,68.18,20,1,1,,
961,0,481.227000,1,VART_RUNNER,2,5059,1,0.03,68.18,20,1,1,,
962,961,481.667000,1,VART_RUNNER,2,5059,1,0.03,68.18,20,1,1,,
963,0,482.092000,1,VART_RUNNER,2,5059,1,0.03,67.26,20,1,1,,
964,963,482.538000,1,VART_RUNNER,2,5059,1,0.03,67.26,20,1,1,,
965,0,482.966000,1,VART_RUNNER,2,5059,1,0.03,68.18,20,1,1,,
966,965,483.406000,1,VART_RUNNER,2,5059,1,0.03,68.18,20,1,1,,
967,0,483.833000,1,VART_RUNNER,2,5059,1,0.03,68.49,20,1,1,,
968,967,484.271000,1,VART_RUNNER,2,5059,1,0.03,68.49,20,1,1,,
969,0,484.698000,1,VART_RUNNER,2,5059,1,0.03,68.34,20,1,1,,
970,969,485.137000,1,VART_RUNNER,2,5059,1,0.03,68.34,20,1,1,,
971,0,485.563000,1,VART_RUNNER,2,5059,1,0.03,68.34,20,1,1,,
972,971,486.002000,1,VART_RUNNER,2,5059,1,0.03,68.34,20,1,1,,
973,0,486.461000,1,VART_RUNNER,2,5059,1,0.03,67.87,20,1,1,,
974,973,486.903000,1,VART_RUNNER,2,5059,1,0.03,67.87,20,1,1,,
975,0,487.333000,1,VART_RUNNER,2,5059,1,0.03,68.18,20,1,1,,
976,975,487.773000,1,VART_RUNNER,2,5059,1,0.03,68.18,20,1,1,,
977,0,488.207000,1,VART_RUNNER,2,5059,1,0.03,67.72,20,1,1,,
978,977,488.650000,1,VART_RUNNER,2,5059,1,0.03,67.72,20,1,1,,
979,0,489.078000,1,VART_RUNNER,2,5059,1,0.03,68.49,20,1,1,,
980,979,489.516000,1,VART_RUNNER,2,5059,1,0.03,68.49,20,1,1,,
981,0,489.946000,1,VART_RUNNER,2,5059,1,0.03,67.57,20,1,1,,
982,981,490.390000,1,VART_RUNNER,2,5059,1,0.03,67.57,20,1,1,,
983,0,490.819000,1,VART_RUNNER,2,5059,1,0.03,68.18,20,1,1,,
984,983,491.259000,1,VART_RUNNER,2,5059,1,0.03,68.18,20,1,1,,
985,0,491.688000,1,VART_RUNNER,2,5059,1,0.03,68.18,20,1,1,,
986,985,492.128000,1,VART_RUNNER,2,5059,1,0.03,68.18,20,1,1,,
987,0,492.555000,1,VART_RUNNER,2,5059,1,0.03,68.03,20,1,1,,
988,987,492.996000,1,VART_RUNNER,2,5059,1,0.03,68.03,20,1,1,,
989,0,493.429000,1,VART_RUNNER,2,5059,1,0.03,67.87,20,1,1,,
990,989,493.871000,1,VART_RUNNER,2,5059,1,0.03,67.87,20,1,1,,
991,0,494.329000,1,VART_RUNNER,2,5059,1,0.03,68.03,20,1,1,,
992,991,494.770000,1,VART_RUNNER,2,5059,1,0.03,68.03,20,1,1,,
993,0,495.214000,1,VART_RUNNER,2,5059,1,0.03,67.42,20,1,1,,
994,993,495.659000,1,VART_RUNNER,2,5059,1,0.03,67.42,20,1,1,,
995,0,496.092000,1,VART_RUNNER,2,5059,1,0.03,68.34,20,1,1,,
996,995,496.531000,1,VART_RUNNER,2,5059,1,0.03,68.34,20,1,1,,
997,0,496.963000,1,VART_RUNNER,2,5059,1,0.03,68.03,20,1,1,,
998,997,497.404000,1,VART_RUNNER,2,5059,1,0.03,68.03,20,1,1,,
999,0,497.832000,1,VART_RUNNER,2,5059,1,0.03,67.42,20,1,1,,
1000,999,498.277000,1,VART_RUNNER,2,5059,1,0.03,67.42,20,1,1,,
