HEADER
VTF File Version,1.0
VTF File Type,0
PID,3420
Generated on,2021-11-19 17:29:09
Resolution,ms
Min Resolution,us
Trace Version,1.0
XRT Version,0.0.0
Tool Version,2020.1

STRUCTURE
Group_Start,DPU
Dynamic_Row, 1, DPU_0
Group_End,DPU

MAPPING
1,subgraph_ResidualBlock__ResidualBlock_MBConvLayer_conv__Sequential_depth_conv__Conv2d_conv__ret_9
2,

EVENTS
1,0,102.479000,1,VART_RUNNER,1,3434,1,0.05,29.96,25,2,2,,
2,1,104.148000,1,VART_RUNNER,1,3434,1,0.05,29.96,25,2,2,,
3,0,104.710000,1,VART_RUNNER,1,3434,1,0.05,31.73,25,2,2,,
4,3,106.286000,1,VART_RUNNER,1,3434,1,0.05,31.73,25,2,2,,
5,0,106.632000,1,VART_RUNNER,1,3434,1,0.05,31.81,25,2,2,,
6,5,108.204000,1,VART_RUNNER,1,3434,1,0.05,31.81,25,2,2,,
7,0,108.538000,1,VART_RUNNER,1,3434,1,0.05,32.03,25,2,2,,
8,7,110.099000,1,VART_RUNNER,1,3434,1,0.05,32.03,25,2,2,,
9,0,110.426000,1,VART_RUNNER,1,3434,1,0.05,31.43,25,2,2,,
10,9,112.017000,1,VART_RUNNER,1,3434,1,0.05,31.43,25,2,2,,
11,0,112.348000,1,VART_RUNNER,1,3434,1,0.05,31.99,25,2,2,,
12,11,113.911000,1,VART_RUNNER,1,3434,1,0.05,31.99,25,2,2,,
13,0,114.240000,1,VART_RUNNER,1,3434,1,0.05,32.01,25,2,2,,
14,13,115.802000,1,VART_RUNNER,1,3434,1,0.05,32.01,25,2,2,,
15,0,116.150000,1,VART_RUNNER,1,3434,1,0.05,32.01,25,2,2,,
16,15,117.712000,1,VART_RUNNER,1,3434,1,0.05,32.01,25,2,2,,
17,0,118.038000,1,VART_RUNNER,1,3434,1,0.05,32.01,25,2,2,,
18,17,119.600000,1,VART_RUNNER,1,3434,1,0.05,32.01,25,2,2,,
19,0,119.944000,1,VART_RUNNER,1,3434,1,0.05,32.07,25,2,2,,
20,19,121.503000,1,VART_RUNNER,1,3434,1,0.05,32.07,25,2,2,,
21,0,121.828000,1,VART_RUNNER,1,3434,1,0.05,32.03,25,2,2,,
22,21,123.389000,1,VART_RUNNER,1,3434,1,0.05,32.03,25,2,2,,
23,0,123.715000,1,VART_RUNNER,1,3434,1,0.05,31.77,25,2,2,,
24,23,125.289000,1,VART_RUNNER,1,3434,1,0.05,31.77,25,2,2,,
25,0,125.618000,1,VART_RUNNER,1,3434,1,0.05,31.99,25,2,2,,
26,25,127.181000,1,VART_RUNNER,1,3434,1,0.05,31.99,25,2,2,,
27,0,127.508000,1,VART_RUNNER,1,3434,1,0.05,31.93,25,2,2,,
28,27,129.074000,1,VART_RUNNER,1,3434,1,0.05,31.93,25,2,2,,
29,0,129.400000,1,VART_RUNNER,1,3434,1,0.05,31.99,25,2,2,,
30,29,130.963000,1,VART_RUNNER,1,3434,1,0.05,31.99,25,2,2,,
31,0,131.290000,1,VART_RUNNER,1,3434,1,0.05,31.95,25,2,2,,
32,31,132.855000,1,VART_RUNNER,1,3434,1,0.05,31.95,25,2,2,,
33,0,133.182000,1,VART_RUNNER,1,3434,1,0.05,32.03,25,2,2,,
34,33,134.743000,1,VART_RUNNER,1,3434,1,0.05,32.03,25,2,2,,
35,0,135.070000,1,VART_RUNNER,1,3434,1,0.05,31.95,25,2,2,,
36,35,136.635000,1,VART_RUNNER,1,3434,1,0.05,31.95,25,2,2,,
37,0,136.960000,1,VART_RUNNER,1,3434,1,0.05,31.97,25,2,2,,
38,37,138.524000,1,VART_RUNNER,1,3434,1,0.05,31.97,25,2,2,,
39,0,138.850000,1,VART_RUNNER,1,3434,1,0.05,31.97,25,2,2,,
40,39,140.414000,1,VART_RUNNER,1,3434,1,0.05,31.97,25,2,2,,
41,0,140.740000,1,VART_RUNNER,1,3434,1,0.05,32.03,25,2,2,,
42,41,142.301000,1,VART_RUNNER,1,3434,1,0.05,32.03,25,2,2,,
43,0,142.628000,1,VART_RUNNER,1,3434,1,0.05,31.85,25,2,2,,
44,43,144.198000,1,VART_RUNNER,1,3434,1,0.05,31.85,25,2,2,,
45,0,144.525000,1,VART_RUNNER,1,3434,1,0.05,32.01,25,2,2,,
46,45,146.087000,1,VART_RUNNER,1,3434,1,0.05,32.01,25,2,2,,
47,0,146.413000,1,VART_RUNNER,1,3434,1,0.05,31.97,25,2,2,,
48,47,147.977000,1,VART_RUNNER,1,3434,1,0.05,31.97,25,2,2,,
49,0,148.304000,1,VART_RUNNER,1,3434,1,0.05,31.99,25,2,2,,
50,49,149.867000,1,VART_RUNNER,1,3434,1,0.05,31.99,25,2,2,,
51,0,150.195000,1,VART_RUNNER,1,3434,1,0.05,32.01,25,2,2,,
52,51,151.757000,1,VART_RUNNER,1,3434,1,0.05,32.01,25,2,2,,
53,0,152.100000,1,VART_RUNNER,1,3434,1,0.05,32.01,25,2,2,,
54,53,153.662000,1,VART_RUNNER,1,3434,1,0.05,32.01,25,2,2,,
55,0,153.990000,1,VART_RUNNER,1,3434,1,0.05,32.01,25,2,2,,
56,55,155.552000,1,VART_RUNNER,1,3434,1,0.05,32.01,25,2,2,,
57,0,155.891000,1,VART_RUNNER,1,3434,1,0.05,32.05,25,2,2,,
58,57,157.451000,1,VART_RUNNER,1,3434,1,0.05,32.05,25,2,2,,
59,0,157.778000,1,VART_RUNNER,1,3434,1,0.05,31.99,25,2,2,,
60,59,159.341000,1,VART_RUNNER,1,3434,1,0.05,31.99,25,2,2,,
61,0,159.667000,1,VART_RUNNER,1,3434,1,0.05,31.97,25,2,2,,
62,61,161.231000,1,VART_RUNNER,1,3434,1,0.05,31.97,25,2,2,,
63,0,161.558000,1,VART_RUNNER,1,3434,1,0.05,32.01,25,2,2,,
64,63,163.120000,1,VART_RUNNER,1,3434,1,0.05,32.01,25,2,2,,
65,0,163.446000,1,VART_RUNNER,1,3434,1,0.05,31.95,25,2,2,,
66,65,165.011000,1,VART_RUNNER,1,3434,1,0.05,31.95,25,2,2,,
67,0,165.341000,1,VART_RUNNER,1,3434,1,0.05,32.01,25,2,2,,
68,67,166.903000,1,VART_RUNNER,1,3434,1,0.05,32.01,25,2,2,,
69,0,167.232000,1,VART_RUNNER,1,3434,1,0.05,31.97,25,2,2,,
70,69,168.796000,1,VART_RUNNER,1,3434,1,0.05,31.97,25,2,2,,
71,0,169.123000,1,VART_RUNNER,1,3434,1,0.05,31.97,25,2,2,,
72,71,170.687000,1,VART_RUNNER,1,3434,1,0.05,31.97,25,2,2,,
73,0,171.014000,1,VART_RUNNER,1,3434,1,0.05,31.99,25,2,2,,
74,73,172.577000,1,VART_RUNNER,1,3434,1,0.05,31.99,25,2,2,,
75,0,172.904000,1,VART_RUNNER,1,3434,1,0.05,32.01,25,2,2,,
76,75,174.466000,1,VART_RUNNER,1,3434,1,0.05,32.01,25,2,2,,
77,0,174.824000,1,VART_RUNNER,1,3434,1,0.05,31.93,25,2,2,,
78,77,176.390000,1,VART_RUNNER,1,3434,1,0.05,31.93,25,2,2,,
79,0,176.718000,1,VART_RUNNER,1,3434,1,0.05,31.61,25,2,2,,
80,79,178.300000,1,VART_RUNNER,1,3434,1,0.05,31.61,25,2,2,,
81,0,178.633000,1,VART_RUNNER,1,3434,1,0.05,31.95,25,2,2,,
82,81,180.198000,1,VART_RUNNER,1,3434,1,0.05,31.95,25,2,2,,
83,0,180.528000,1,VART_RUNNER,1,3434,1,0.05,31.99,25,2,2,,
84,83,182.091000,1,VART_RUNNER,1,3434,1,0.05,31.99,25,2,2,,
85,0,182.416000,1,VART_RUNNER,1,3434,1,0.05,31.99,25,2,2,,
86,85,183.979000,1,VART_RUNNER,1,3434,1,0.05,31.99,25,2,2,,
87,0,184.306000,1,VART_RUNNER,1,3434,1,0.05,30.08,25,2,2,,
88,87,185.968000,1,VART_RUNNER,1,3434,1,0.05,30.08,25,2,2,,
89,0,186.298000,1,VART_RUNNER,1,3434,1,0.05,31.97,25,2,2,,
90,89,187.862000,1,VART_RUNNER,1,3434,1,0.05,31.97,25,2,2,,
91,0,188.204000,1,VART_RUNNER,1,3434,1,0.05,31.73,25,2,2,,
92,91,189.780000,1,VART_RUNNER,1,3434,1,0.05,31.73,25,2,2,,
93,0,190.107000,1,VART_RUNNER,1,3434,1,0.05,31.95,25,2,2,,
94,93,191.672000,1,VART_RUNNER,1,3434,1,0.05,31.95,25,2,2,,
95,0,192.010000,1,VART_RUNNER,1,3434,1,0.05,31.99,25,2,2,,
96,95,193.573000,1,VART_RUNNER,1,3434,1,0.05,31.99,25,2,2,,
97,0,193.899000,1,VART_RUNNER,1,3434,1,0.05,32.01,25,2,2,,
98,97,195.461000,1,VART_RUNNER,1,3434,1,0.05,32.01,25,2,2,,
99,0,195.785000,1,VART_RUNNER,1,3434,1,0.05,31.97,25,2,2,,
100,99,197.349000,1,VART_RUNNER,1,3434,1,0.05,31.97,25,2,2,,
101,0,197.672000,1,VART_RUNNER,1,3434,1,0.05,32.01,25,2,2,,
102,101,199.234000,1,VART_RUNNER,1,3434,1,0.05,32.01,25,2,2,,
103,0,199.560000,1,VART_RUNNER,1,3434,1,0.05,31.97,25,2,2,,
104,103,201.124000,1,VART_RUNNER,1,3434,1,0.05,31.97,25,2,2,,
105,0,201.449000,1,VART_RUNNER,1,3434,1,0.05,32.05,25,2,2,,
106,105,203.009000,1,VART_RUNNER,1,3434,1,0.05,32.05,25,2,2,,
107,0,203.338000,1,VART_RUNNER,1,3434,1,0.05,32.01,25,2,2,,
108,107,204.900000,1,VART_RUNNER,1,3434,1,0.05,32.01,25,2,2,,
109,0,205.226000,1,VART_RUNNER,1,3434,1,0.05,31.97,25,2,2,,
110,109,206.790000,1,VART_RUNNER,1,3434,1,0.05,31.97,25,2,2,,
111,0,207.115000,1,VART_RUNNER,1,3434,1,0.05,31.93,25,2,2,,
112,111,208.681000,1,VART_RUNNER,1,3434,1,0.05,31.93,25,2,2,,
113,0,209.006000,1,VART_RUNNER,1,3434,1,0.05,31.99,25,2,2,,
114,113,210.569000,1,VART_RUNNER,1,3434,1,0.05,31.99,25,2,2,,
115,0,210.895000,1,VART_RUNNER,1,3434,1,0.05,31.97,25,2,2,,
116,115,212.459000,1,VART_RUNNER,1,3434,1,0.05,31.97,25,2,2,,
117,0,212.784000,1,VART_RUNNER,1,3434,1,0.05,31.95,25,2,2,,
118,117,214.349000,1,VART_RUNNER,1,3434,1,0.05,31.95,25,2,2,,
119,0,214.675000,1,VART_RUNNER,1,3434,1,0.05,31.99,25,2,2,,
120,119,216.238000,1,VART_RUNNER,1,3434,1,0.05,31.99,25,2,2,,
121,0,216.563000,1,VART_RUNNER,1,3434,1,0.05,32.01,25,2,2,,
122,121,218.125000,1,VART_RUNNER,1,3434,1,0.05,32.01,25,2,2,,
123,0,218.452000,1,VART_RUNNER,1,3434,1,0.05,31.91,25,2,2,,
124,123,220.019000,1,VART_RUNNER,1,3434,1,0.05,31.91,25,2,2,,
125,0,220.346000,1,VART_RUNNER,1,3434,1,0.05,32.01,25,2,2,,
126,125,221.908000,1,VART_RUNNER,1,3434,1,0.05,32.01,25,2,2,,
127,0,222.236000,1,VART_RUNNER,1,3434,1,0.05,32.03,25,2,2,,
128,127,223.797000,1,VART_RUNNER,1,3434,1,0.05,32.03,25,2,2,,
129,0,224.136000,1,VART_RUNNER,1,3434,1,0.05,32.01,25,2,2,,
130,129,225.698000,1,VART_RUNNER,1,3434,1,0.05,32.01,25,2,2,,
131,0,226.028000,1,VART_RUNNER,1,3434,1,0.05,32.01,25,2,2,,
132,131,227.590000,1,VART_RUNNER,1,3434,1,0.05,32.01,25,2,2,,
133,0,227.958000,1,VART_RUNNER,1,3434,1,0.05,32.01,25,2,2,,
134,133,229.520000,1,VART_RUNNER,1,3434,1,0.05,32.01,25,2,2,,
135,0,229.849000,1,VART_RUNNER,1,3434,1,0.05,32.03,25,2,2,,
136,135,231.410000,1,VART_RUNNER,1,3434,1,0.05,32.03,25,2,2,,
137,0,231.736000,1,VART_RUNNER,1,3434,1,0.05,31.97,25,2,2,,
138,137,233.300000,1,VART_RUNNER,1,3434,1,0.05,31.97,25,2,2,,
139,0,233.626000,1,VART_RUNNER,1,3434,1,0.05,31.95,25,2,2,,
140,139,235.191000,1,VART_RUNNER,1,3434,1,0.05,31.95,25,2,2,,
141,0,235.516000,1,VART_RUNNER,1,3434,1,0.05,31.99,25,2,2,,
142,141,237.079000,1,VART_RUNNER,1,3434,1,0.05,31.99,25,2,2,,
143,0,237.404000,1,VART_RUNNER,1,3434,1,0.05,31.99,25,2,2,,
144,143,238.967000,1,VART_RUNNER,1,3434,1,0.05,31.99,25,2,2,,
145,0,239.293000,1,VART_RUNNER,1,3434,1,0.05,31.97,25,2,2,,
146,145,240.857000,1,VART_RUNNER,1,3434,1,0.05,31.97,25,2,2,,
147,0,241.183000,1,VART_RUNNER,1,3434,1,0.05,31.99,25,2,2,,
148,147,242.746000,1,VART_RUNNER,1,3434,1,0.05,31.99,25,2,2,,
149,0,243.072000,1,VART_RUNNER,1,3434,1,0.05,31.99,25,2,2,,
150,149,244.635000,1,VART_RUNNER,1,3434,1,0.05,31.99,25,2,2,,
151,0,244.962000,1,VART_RUNNER,1,3434,1,0.05,32.03,25,2,2,,
152,151,246.523000,1,VART_RUNNER,1,3434,1,0.05,32.03,25,2,2,,
153,0,246.848000,1,VART_RUNNER,1,3434,1,0.05,31.93,25,2,2,,
154,153,248.414000,1,VART_RUNNER,1,3434,1,0.05,31.93,25,2,2,,
155,0,248.748000,1,VART_RUNNER,1,3434,1,0.05,32.01,25,2,2,,
156,155,250.310000,1,VART_RUNNER,1,3434,1,0.05,32.01,25,2,2,,
157,0,250.636000,1,VART_RUNNER,1,3434,1,0.05,31.93,25,2,2,,
158,157,252.202000,1,VART_RUNNER,1,3434,1,0.05,31.93,25,2,2,,
159,0,252.528000,1,VART_RUNNER,1,3434,1,0.05,31.99,25,2,2,,
160,159,254.091000,1,VART_RUNNER,1,3434,1,0.05,31.99,25,2,2,,
161,0,254.416000,1,VART_RUNNER,1,3434,1,0.05,31.99,25,2,2,,
162,161,255.979000,1,VART_RUNNER,1,3434,1,0.05,31.99,25,2,2,,
163,0,256.306000,1,VART_RUNNER,1,3434,1,0.05,31.97,25,2,2,,
164,163,257.870000,1,VART_RUNNER,1,3434,1,0.05,31.97,25,2,2,,
165,0,258.198000,1,VART_RUNNER,1,3434,1,0.05,32.03,25,2,2,,
166,165,259.759000,1,VART_RUNNER,1,3434,1,0.05,32.03,25,2,2,,
167,0,260.105000,1,VART_RUNNER,1,3434,1,0.05,32.01,25,2,2,,
168,167,261.667000,1,VART_RUNNER,1,3434,1,0.05,32.01,25,2,2,,
169,0,261.992000,1,VART_RUNNER,1,3434,1,0.05,31.99,25,2,2,,
170,169,263.555000,1,VART_RUNNER,1,3434,1,0.05,31.99,25,2,2,,
171,0,263.893000,1,VART_RUNNER,1,3434,1,0.05,32.01,25,2,2,,
172,171,265.455000,1,VART_RUNNER,1,3434,1,0.05,32.01,25,2,2,,
173,0,265.782000,1,VART_RUNNER,1,3434,1,0.05,32.03,25,2,2,,
174,173,267.343000,1,VART_RUNNER,1,3434,1,0.05,32.03,25,2,2,,
175,0,267.668000,1,VART_RUNNER,1,3434,1,0.05,31.99,25,2,2,,
176,175,269.231000,1,VART_RUNNER,1,3434,1,0.05,31.99,25,2,2,,
177,0,269.557000,1,VART_RUNNER,1,3434,1,0.05,32.03,25,2,2,,
178,177,271.118000,1,VART_RUNNER,1,3434,1,0.05,32.03,25,2,2,,
179,0,271.443000,1,VART_RUNNER,1,3434,1,0.05,31.95,25,2,2,,
180,179,273.008000,1,VART_RUNNER,1,3434,1,0.05,31.95,25,2,2,,
181,0,273.336000,1,VART_RUNNER,1,3434,1,0.05,31.93,25,2,2,,
182,181,274.902000,1,VART_RUNNER,1,3434,1,0.05,31.93,25,2,2,,
183,0,275.231000,1,VART_RUNNER,1,3434,1,0.05,31.97,25,2,2,,
184,183,276.795000,1,VART_RUNNER,1,3434,1,0.05,31.97,25,2,2,,
185,0,277.120000,1,VART_RUNNER,1,3434,1,0.05,31.99,25,2,2,,
186,185,278.683000,1,VART_RUNNER,1,3434,1,0.05,31.99,25,2,2,,
187,0,279.012000,1,VART_RUNNER,1,3434,1,0.05,31.93,25,2,2,,
188,187,280.578000,1,VART_RUNNER,1,3434,1,0.05,31.93,25,2,2,,
189,0,280.905000,1,VART_RUNNER,1,3434,1,0.05,31.99,25,2,2,,
190,189,282.468000,1,VART_RUNNER,1,3434,1,0.05,31.99,25,2,2,,
191,0,282.795000,1,VART_RUNNER,1,3434,1,0.05,31.97,25,2,2,,
192,191,284.359000,1,VART_RUNNER,1,3434,1,0.05,31.97,25,2,2,,
193,0,284.685000,1,VART_RUNNER,1,3434,1,0.05,31.99,25,2,2,,
194,193,286.248000,1,VART_RUNNER,1,3434,1,0.05,31.99,25,2,2,,
195,0,286.575000,1,VART_RUNNER,1,3434,1,0.05,31.99,25,2,2,,
196,195,288.138000,1,VART_RUNNER,1,3434,1,0.05,31.99,25,2,2,,
197,0,288.463000,1,VART_RUNNER,1,3434,1,0.05,32.01,25,2,2,,
198,197,290.025000,1,VART_RUNNER,1,3434,1,0.05,32.01,25,2,2,,
199,0,290.349000,1,VART_RUNNER,1,3434,1,0.05,31.93,25,2,2,,
200,199,291.915000,1,VART_RUNNER,1,3434,1,0.05,31.93,25,2,2,,
201,0,292.242000,1,VART_RUNNER,1,3434,1,0.05,31.97,25,2,2,,
202,201,293.806000,1,VART_RUNNER,1,3434,1,0.05,31.97,25,2,2,,
203,0,294.132000,1,VART_RUNNER,1,3434,1,0.05,32.03,25,2,2,,
204,203,295.693000,1,VART_RUNNER,1,3434,1,0.05,32.03,25,2,2,,
205,0,296.033000,1,VART_RUNNER,1,3434,1,0.05,31.97,25,2,2,,
206,205,297.597000,1,VART_RUNNER,1,3434,1,0.05,31.97,25,2,2,,
207,0,297.926000,1,VART_RUNNER,1,3434,1,0.05,31.97,25,2,2,,
208,207,299.490000,1,VART_RUNNER,1,3434,1,0.05,31.97,25,2,2,,
209,0,299.816000,1,VART_RUNNER,1,3434,1,0.05,31.99,25,2,2,,
210,209,301.379000,1,VART_RUNNER,1,3434,1,0.05,31.99,25,2,2,,
211,0,301.704000,1,VART_RUNNER,1,3434,1,0.05,32.01,25,2,2,,
212,211,303.266000,1,VART_RUNNER,1,3434,1,0.05,32.01,25,2,2,,
213,0,303.591000,1,VART_RUNNER,1,3434,1,0.05,31.95,25,2,2,,
214,213,305.156000,1,VART_RUNNER,1,3434,1,0.05,31.95,25,2,2,,
215,0,305.484000,1,VART_RUNNER,1,3434,1,0.05,32.01,25,2,2,,
216,215,307.046000,1,VART_RUNNER,1,3434,1,0.05,32.01,25,2,2,,
217,0,307.372000,1,VART_RUNNER,1,3434,1,0.05,31.97,25,2,2,,
218,217,308.936000,1,VART_RUNNER,1,3434,1,0.05,31.97,25,2,2,,
219,0,309.263000,1,VART_RUNNER,1,3434,1,0.05,32.03,25,2,2,,
220,219,310.824000,1,VART_RUNNER,1,3434,1,0.05,32.03,25,2,2,,
221,0,311.149000,1,VART_RUNNER,1,3434,1,0.05,31.99,25,2,2,,
222,221,312.712000,1,VART_RUNNER,1,3434,1,0.05,31.99,25,2,2,,
223,0,313.038000,1,VART_RUNNER,1,3434,1,0.05,32.03,25,2,2,,
224,223,314.599000,1,VART_RUNNER,1,3434,1,0.05,32.03,25,2,2,,
225,0,314.924000,1,VART_RUNNER,1,3434,1,0.05,31.99,25,2,2,,
226,225,316.487000,1,VART_RUNNER,1,3434,1,0.05,31.99,25,2,2,,
227,0,316.814000,1,VART_RUNNER,1,3434,1,0.05,32.01,25,2,2,,
228,227,318.376000,1,VART_RUNNER,1,3434,1,0.05,32.01,25,2,2,,
229,0,318.702000,1,VART_RUNNER,1,3434,1,0.05,31.93,25,2,2,,
230,229,320.268000,1,VART_RUNNER,1,3434,1,0.05,31.93,25,2,2,,
231,0,320.593000,1,VART_RUNNER,1,3434,1,0.05,32.01,25,2,2,,
232,231,322.155000,1,VART_RUNNER,1,3434,1,0.05,32.01,25,2,2,,
233,0,322.480000,1,VART_RUNNER,1,3434,1,0.05,31.99,25,2,2,,
234,233,324.043000,1,VART_RUNNER,1,3434,1,0.05,31.99,25,2,2,,
235,0,324.370000,1,VART_RUNNER,1,3434,1,0.05,31.95,25,2,2,,
236,235,325.935000,1,VART_RUNNER,1,3434,1,0.05,31.95,25,2,2,,
237,0,326.262000,1,VART_RUNNER,1,3434,1,0.05,31.95,25,2,2,,
238,237,327.827000,1,VART_RUNNER,1,3434,1,0.05,31.95,25,2,2,,
239,0,328.165000,1,VART_RUNNER,1,3434,1,0.05,32.07,25,2,2,,
240,239,329.724000,1,VART_RUNNER,1,3434,1,0.05,32.07,25,2,2,,
241,0,330.051000,1,VART_RUNNER,1,3434,1,0.05,32.03,25,2,2,,
242,241,331.612000,1,VART_RUNNER,1,3434,1,0.05,32.03,25,2,2,,
243,0,331.971000,1,VART_RUNNER,1,3434,1,0.05,32.01,25,2,2,,
244,243,333.533000,1,VART_RUNNER,1,3434,1,0.05,32.01,25,2,2,,
245,0,333.860000,1,VART_RUNNER,1,3434,1,0.05,32.03,25,2,2,,
246,245,335.421000,1,VART_RUNNER,1,3434,1,0.05,32.03,25,2,2,,
247,0,335.749000,1,VART_RUNNER,1,3434,1,0.05,31.99,25,2,2,,
248,247,337.312000,1,VART_RUNNER,1,3434,1,0.05,31.99,25,2,2,,
249,0,337.638000,1,VART_RUNNER,1,3434,1,0.05,31.99,25,2,2,,
250,249,339.201000,1,VART_RUNNER,1,3434,1,0.05,31.99,25,2,2,,
251,0,339.530000,1,VART_RUNNER,1,3434,1,0.05,31.97,25,2,2,,
252,251,341.094000,1,VART_RUNNER,1,3434,1,0.05,31.97,25,2,2,,
253,0,341.421000,1,VART_RUNNER,1,3434,1,0.05,31.97,25,2,2,,
254,253,342.985000,1,VART_RUNNER,1,3434,1,0.05,31.97,25,2,2,,
255,0,343.312000,1,VART_RUNNER,1,3434,1,0.05,31.95,25,2,2,,
256,255,344.877000,1,VART_RUNNER,1,3434,1,0.05,31.95,25,2,2,,
257,0,345.202000,1,VART_RUNNER,1,3434,1,0.05,31.95,25,2,2,,
258,257,346.767000,1,VART_RUNNER,1,3434,1,0.05,31.95,25,2,2,,
259,0,347.096000,1,VART_RUNNER,1,3434,1,0.05,31.95,25,2,2,,
260,259,348.661000,1,VART_RUNNER,1,3434,1,0.05,31.95,25,2,2,,
261,0,348.987000,1,VART_RUNNER,1,3434,1,0.05,32.07,25,2,2,,
262,261,350.546000,1,VART_RUNNER,1,3434,1,0.05,32.07,25,2,2,,
263,0,350.871000,1,VART_RUNNER,1,3434,1,0.05,31.93,25,2,2,,
264,263,352.437000,1,VART_RUNNER,1,3434,1,0.05,31.93,25,2,2,,
265,0,352.761000,1,VART_RUNNER,1,3434,1,0.05,31.99,25,2,2,,
266,265,354.324000,1,VART_RUNNER,1,3434,1,0.05,31.99,25,2,2,,
267,0,354.651000,1,VART_RUNNER,1,3434,1,0.05,31.99,25,2,2,,
268,267,356.214000,1,VART_RUNNER,1,3434,1,0.05,31.99,25,2,2,,
269,0,356.540000,1,VART_RUNNER,1,3434,1,0.05,32.03,25,2,2,,
270,269,358.101000,1,VART_RUNNER,1,3434,1,0.05,32.03,25,2,2,,
271,0,358.426000,1,VART_RUNNER,1,3434,1,0.05,32.01,25,2,2,,
272,271,359.988000,1,VART_RUNNER,1,3434,1,0.05,32.01,25,2,2,,
273,0,360.313000,1,VART_RUNNER,1,3434,1,0.05,32.03,25,2,2,,
274,273,361.874000,1,VART_RUNNER,1,3434,1,0.05,32.03,25,2,2,,
275,0,362.200000,1,VART_RUNNER,1,3434,1,0.05,32.03,25,2,2,,
276,275,363.761000,1,VART_RUNNER,1,3434,1,0.05,32.03,25,2,2,,
277,0,364.100000,1,VART_RUNNER,1,3434,1,0.05,31.99,25,2,2,,
278,277,365.663000,1,VART_RUNNER,1,3434,1,0.05,31.99,25,2,2,,
279,0,365.991000,1,VART_RUNNER,1,3434,1,0.05,31.99,25,2,2,,
280,279,367.554000,1,VART_RUNNER,1,3434,1,0.05,31.99,25,2,2,,
281,0,367.892000,1,VART_RUNNER,1,3434,1,0.05,31.99,25,2,2,,
282,281,369.455000,1,VART_RUNNER,1,3434,1,0.05,31.99,25,2,2,,
283,0,369.784000,1,VART_RUNNER,1,3434,1,0.05,32.01,25,2,2,,
284,283,371.346000,1,VART_RUNNER,1,3434,1,0.05,32.01,25,2,2,,
285,0,371.672000,1,VART_RUNNER,1,3434,1,0.05,31.99,25,2,2,,
286,285,373.235000,1,VART_RUNNER,1,3434,1,0.05,31.99,25,2,2,,
287,0,373.562000,1,VART_RUNNER,1,3434,1,0.05,31.99,25,2,2,,
288,287,375.125000,1,VART_RUNNER,1,3434,1,0.05,31.99,25,2,2,,
289,0,375.453000,1,VART_RUNNER,1,3434,1,0.05,31.99,25,2,2,,
290,289,377.016000,1,VART_RUNNER,1,3434,1,0.05,31.99,25,2,2,,
291,0,377.342000,1,VART_RUNNER,1,3434,1,0.05,32.01,25,2,2,,
292,291,378.904000,1,VART_RUNNER,1,3434,1,0.05,32.01,25,2,2,,
293,0,379.231000,1,VART_RUNNER,1,3434,1,0.05,32.01,25,2,2,,
294,293,380.793000,1,VART_RUNNER,1,3434,1,0.05,32.01,25,2,2,,
295,0,381.121000,1,VART_RUNNER,1,3434,1,0.05,32.01,25,2,2,,
296,295,382.683000,1,VART_RUNNER,1,3434,1,0.05,32.01,25,2,2,,
297,0,383.009000,1,VART_RUNNER,1,3434,1,0.05,31.99,25,2,2,,
298,297,384.572000,1,VART_RUNNER,1,3434,1,0.05,31.99,25,2,2,,
299,0,384.904000,1,VART_RUNNER,1,3434,1,0.05,31.99,25,2,2,,
300,299,386.467000,1,VART_RUNNER,1,3434,1,0.05,31.99,25,2,2,,
301,0,386.796000,1,VART_RUNNER,1,3434,1,0.05,31.95,25,2,2,,
302,301,388.361000,1,VART_RUNNER,1,3434,1,0.05,31.95,25,2,2,,
303,0,388.689000,1,VART_RUNNER,1,3434,1,0.05,32.05,25,2,2,,
304,303,390.249000,1,VART_RUNNER,1,3434,1,0.05,32.05,25,2,2,,
305,0,390.575000,1,VART_RUNNER,1,3434,1,0.05,31.29,25,2,2,,
306,305,392.173000,1,VART_RUNNER,1,3434,1,0.05,31.29,25,2,2,,
307,0,392.500000,1,VART_RUNNER,1,3434,1,0.05,31.95,25,2,2,,
308,307,394.065000,1,VART_RUNNER,1,3434,1,0.05,31.95,25,2,2,,
309,0,394.393000,1,VART_RUNNER,1,3434,1,0.05,31.97,25,2,2,,
310,309,395.957000,1,VART_RUNNER,1,3434,1,0.05,31.97,25,2,2,,
311,0,396.285000,1,VART_RUNNER,1,3434,1,0.05,31.99,25,2,2,,
312,311,397.848000,1,VART_RUNNER,1,3434,1,0.05,31.99,25,2,2,,
313,0,398.174000,1,VART_RUNNER,1,3434,1,0.05,32.03,25,2,2,,
314,313,399.735000,1,VART_RUNNER,1,3434,1,0.05,32.03,25,2,2,,
315,0,400.076000,1,VART_RUNNER,1,3434,1,0.05,31.97,25,2,2,,
316,315,401.640000,1,VART_RUNNER,1,3434,1,0.05,31.97,25,2,2,,
317,0,401.967000,1,VART_RUNNER,1,3434,1,0.05,32.01,25,2,2,,
318,317,403.529000,1,VART_RUNNER,1,3434,1,0.05,32.01,25,2,2,,
319,0,403.856000,1,VART_RUNNER,1,3434,1,0.05,31.75,25,2,2,,
320,319,405.431000,1,VART_RUNNER,1,3434,1,0.05,31.75,25,2,2,,
321,0,405.757000,1,VART_RUNNER,1,3434,1,0.05,32.01,25,2,2,,
322,321,407.319000,1,VART_RUNNER,1,3434,1,0.05,32.01,25,2,2,,
323,0,407.646000,1,VART_RUNNER,1,3434,1,0.05,31.99,25,2,2,,
324,323,409.209000,1,VART_RUNNER,1,3434,1,0.05,31.99,25,2,2,,
325,0,409.535000,1,VART_RUNNER,1,3434,1,0.05,32.01,25,2,2,,
326,325,411.097000,1,VART_RUNNER,1,3434,1,0.05,32.01,25,2,2,,
327,0,411.424000,1,VART_RUNNER,1,3434,1,0.05,31.97,25,2,2,,
328,327,412.988000,1,VART_RUNNER,1,3434,1,0.05,31.97,25,2,2,,
329,0,413.314000,1,VART_RUNNER,1,3434,1,0.05,31.99,25,2,2,,
330,329,414.877000,1,VART_RUNNER,1,3434,1,0.05,31.99,25,2,2,,
331,0,415.204000,1,VART_RUNNER,1,3434,1,0.05,31.97,25,2,2,,
332,331,416.768000,1,VART_RUNNER,1,3434,1,0.05,31.97,25,2,2,,
333,0,417.094000,1,VART_RUNNER,1,3434,1,0.05,32.01,25,2,2,,
334,333,418.656000,1,VART_RUNNER,1,3434,1,0.05,32.01,25,2,2,,
335,0,418.983000,1,VART_RUNNER,1,3434,1,0.05,31.97,25,2,2,,
336,335,420.547000,1,VART_RUNNER,1,3434,1,0.05,31.97,25,2,2,,
337,0,420.874000,1,VART_RUNNER,1,3434,1,0.05,32.01,25,2,2,,
338,337,422.436000,1,VART_RUNNER,1,3434,1,0.05,32.01,25,2,2,,
339,0,422.762000,1,VART_RUNNER,1,3434,1,0.05,31.99,25,2,2,,
340,339,424.325000,1,VART_RUNNER,1,3434,1,0.05,31.99,25,2,2,,
341,0,424.650000,1,VART_RUNNER,1,3434,1,0.05,31.95,25,2,2,,
342,341,426.215000,1,VART_RUNNER,1,3434,1,0.05,31.95,25,2,2,,
343,0,426.544000,1,VART_RUNNER,1,3434,1,0.05,31.95,25,2,2,,
344,343,428.109000,1,VART_RUNNER,1,3434,1,0.05,31.95,25,2,2,,
345,0,428.435000,1,VART_RUNNER,1,3434,1,0.05,32.01,25,2,2,,
346,345,429.997000,1,VART_RUNNER,1,3434,1,0.05,32.01,25,2,2,,
347,0,430.326000,1,VART_RUNNER,1,3434,1,0.05,31.93,25,2,2,,
348,347,431.892000,1,VART_RUNNER,1,3434,1,0.05,31.93,25,2,2,,
349,0,432.217000,1,VART_RUNNER,1,3434,1,0.05,32.03,25,2,2,,
350,349,433.778000,1,VART_RUNNER,1,3434,1,0.05,32.03,25,2,2,,
351,0,434.104000,1,VART_RUNNER,1,3434,1,0.05,32.01,25,2,2,,
352,351,435.666000,1,VART_RUNNER,1,3434,1,0.05,32.01,25,2,2,,
353,0,436.027000,1,VART_RUNNER,1,3434,1,0.05,32.01,25,2,2,,
354,353,437.589000,1,VART_RUNNER,1,3434,1,0.05,32.01,25,2,2,,
355,0,437.918000,1,VART_RUNNER,1,3434,1,0.05,32.01,25,2,2,,
356,355,439.480000,1,VART_RUNNER,1,3434,1,0.05,32.01,25,2,2,,
357,0,439.807000,1,VART_RUNNER,1,3434,1,0.05,31.95,25,2,2,,
358,357,441.372000,1,VART_RUNNER,1,3434,1,0.05,31.95,25,2,2,,
359,0,441.698000,1,VART_RUNNER,1,3434,1,0.05,31.99,25,2,2,,
360,359,443.261000,1,VART_RUNNER,1,3434,1,0.05,31.99,25,2,2,,
361,0,443.586000,1,VART_RUNNER,1,3434,1,0.05,31.97,25,2,2,,
362,361,445.150000,1,VART_RUNNER,1,3434,1,0.05,31.97,25,2,2,,
363,0,445.476000,1,VART_RUNNER,1,3434,1,0.05,31.97,25,2,2,,
364,363,447.040000,1,VART_RUNNER,1,3434,1,0.05,31.97,25,2,2,,
365,0,447.366000,1,VART_RUNNER,1,3434,1,0.05,31.93,25,2,2,,
366,365,448.932000,1,VART_RUNNER,1,3434,1,0.05,31.93,25,2,2,,
367,0,449.260000,1,VART_RUNNER,1,3434,1,0.05,31.99,25,2,2,,
368,367,450.823000,1,VART_RUNNER,1,3434,1,0.05,31.99,25,2,2,,
369,0,451.148000,1,VART_RUNNER,1,3434,1,0.05,31.97,25,2,2,,
370,369,452.712000,1,VART_RUNNER,1,3434,1,0.05,31.97,25,2,2,,
371,0,453.039000,1,VART_RUNNER,1,3434,1,0.05,32.03,25,2,2,,
372,371,454.600000,1,VART_RUNNER,1,3434,1,0.05,32.03,25,2,2,,
373,0,454.925000,1,VART_RUNNER,1,3434,1,0.05,31.95,25,2,2,,
374,373,456.490000,1,VART_RUNNER,1,3434,1,0.05,31.95,25,2,2,,
375,0,456.818000,1,VART_RUNNER,1,3434,1,0.05,31.97,25,2,2,,
376,375,458.382000,1,VART_RUNNER,1,3434,1,0.05,31.97,25,2,2,,
377,0,458.709000,1,VART_RUNNER,1,3434,1,0.05,31.97,25,2,2,,
378,377,460.273000,1,VART_RUNNER,1,3434,1,0.05,31.97,25,2,2,,
379,0,460.600000,1,VART_RUNNER,1,3434,1,0.05,32.01,25,2,2,,
380,379,462.162000,1,VART_RUNNER,1,3434,1,0.05,32.01,25,2,2,,
381,0,462.489000,1,VART_RUNNER,1,3434,1,0.05,31.99,25,2,2,,
382,381,464.052000,1,VART_RUNNER,1,3434,1,0.05,31.99,25,2,2,,
383,0,464.379000,1,VART_RUNNER,1,3434,1,0.05,32.01,25,2,2,,
384,383,465.941000,1,VART_RUNNER,1,3434,1,0.05,32.01,25,2,2,,
385,0,466.267000,1,VART_RUNNER,1,3434,1,0.05,32.01,25,2,2,,
386,385,467.829000,1,VART_RUNNER,1,3434,1,0.05,32.01,25,2,2,,
387,0,468.172000,1,VART_RUNNER,1,3434,1,0.05,31.97,25,2,2,,
388,387,469.736000,1,VART_RUNNER,1,3434,1,0.05,31.97,25,2,2,,
389,0,470.060000,1,VART_RUNNER,1,3434,1,0.05,32.01,25,2,2,,
390,389,471.622000,1,VART_RUNNER,1,3434,1,0.05,32.01,25,2,2,,
391,0,471.959000,1,VART_RUNNER,1,3434,1,0.05,32.01,25,2,2,,
392,391,473.521000,1,VART_RUNNER,1,3434,1,0.05,32.01,25,2,2,,
393,0,473.846000,1,VART_RUNNER,1,3434,1,0.05,31.95,25,2,2,,
394,393,475.411000,1,VART_RUNNER,1,3434,1,0.05,31.95,25,2,2,,
395,0,475.739000,1,VART_RUNNER,1,3434,1,0.05,31.97,25,2,2,,
396,395,477.303000,1,VART_RUNNER,1,3434,1,0.05,31.97,25,2,2,,
397,0,477.630000,1,VART_RUNNER,1,3434,1,0.05,31.95,25,2,2,,
398,397,479.195000,1,VART_RUNNER,1,3434,1,0.05,31.95,25,2,2,,
399,0,479.521000,1,VART_RUNNER,1,3434,1,0.05,31.97,25,2,2,,
400,399,481.085000,1,VART_RUNNER,1,3434,1,0.05,31.97,25,2,2,,
401,0,481.411000,1,VART_RUNNER,1,3434,1,0.05,32.01,25,2,2,,
402,401,482.973000,1,VART_RUNNER,1,3434,1,0.05,32.01,25,2,2,,
403,0,483.302000,1,VART_RUNNER,1,3434,1,0.05,31.97,25,2,2,,
404,403,484.866000,1,VART_RUNNER,1,3434,1,0.05,31.97,25,2,2,,
405,0,485.192000,1,VART_RUNNER,1,3434,1,0.05,32.01,25,2,2,,
406,405,486.754000,1,VART_RUNNER,1,3434,1,0.05,32.01,25,2,2,,
407,0,487.080000,1,VART_RUNNER,1,3434,1,0.05,31.97,25,2,2,,
408,407,488.644000,1,VART_RUNNER,1,3434,1,0.05,31.97,25,2,2,,
409,0,488.970000,1,VART_RUNNER,1,3434,1,0.05,32.03,25,2,2,,
410,409,490.531000,1,VART_RUNNER,1,3434,1,0.05,32.03,25,2,2,,
411,0,490.858000,1,VART_RUNNER,1,3434,1,0.05,31.97,25,2,2,,
412,411,492.422000,1,VART_RUNNER,1,3434,1,0.05,31.97,25,2,2,,
413,0,492.748000,1,VART_RUNNER,1,3434,1,0.05,32.05,25,2,2,,
414,413,494.308000,1,VART_RUNNER,1,3434,1,0.05,32.05,25,2,2,,
415,0,494.637000,1,VART_RUNNER,1,3434,1,0.05,31.89,25,2,2,,
416,415,496.205000,1,VART_RUNNER,1,3434,1,0.05,31.89,25,2,2,,
417,0,496.531000,1,VART_RUNNER,1,3434,1,0.05,32.01,25,2,2,,
418,417,498.093000,1,VART_RUNNER,1,3434,1,0.05,32.01,25,2,2,,
419,0,498.421000,1,VART_RUNNER,1,3434,1,0.05,31.99,25,2,2,,
420,419,499.984000,1,VART_RUNNER,1,3434,1,0.05,31.99,25,2,2,,
421,0,500.309000,1,VART_RUNNER,1,3434,1,0.05,31.95,25,2,2,,
422,421,501.874000,1,VART_RUNNER,1,3434,1,0.05,31.95,25,2,2,,
423,0,502.201000,1,VART_RUNNER,1,3434,1,0.05,31.99,25,2,2,,
424,423,503.764000,1,VART_RUNNER,1,3434,1,0.05,31.99,25,2,2,,
425,0,504.105000,1,VART_RUNNER,1,3434,1,0.05,31.99,25,2,2,,
426,425,505.668000,1,VART_RUNNER,1,3434,1,0.05,31.99,25,2,2,,
427,0,505.993000,1,VART_RUNNER,1,3434,1,0.05,31.95,25,2,2,,
428,427,507.558000,1,VART_RUNNER,1,3434,1,0.05,31.95,25,2,2,,
429,0,507.896000,1,VART_RUNNER,1,3434,1,0.05,32.01,25,2,2,,
430,429,509.458000,1,VART_RUNNER,1,3434,1,0.05,32.01,25,2,2,,
431,0,509.786000,1,VART_RUNNER,1,3434,1,0.05,31.97,25,2,2,,
432,431,511.350000,1,VART_RUNNER,1,3434,1,0.05,31.97,25,2,2,,
433,0,511.675000,1,VART_RUNNER,1,3434,1,0.05,31.91,25,2,2,,
434,433,513.242000,1,VART_RUNNER,1,3434,1,0.05,31.91,25,2,2,,
435,0,513.568000,1,VART_RUNNER,1,3434,1,0.05,32.01,25,2,2,,
436,435,515.130000,1,VART_RUNNER,1,3434,1,0.05,32.01,25,2,2,,
437,0,515.456000,1,VART_RUNNER,1,3434,1,0.05,31.97,25,2,2,,
438,437,517.020000,1,VART_RUNNER,1,3434,1,0.05,31.97,25,2,2,,
439,0,517.347000,1,VART_RUNNER,1,3434,1,0.05,31.97,25,2,2,,
440,439,518.911000,1,VART_RUNNER,1,3434,1,0.05,31.97,25,2,2,,
441,0,519.237000,1,VART_RUNNER,1,3434,1,0.05,31.99,25,2,2,,
442,441,520.800000,1,VART_RUNNER,1,3434,1,0.05,31.99,25,2,2,,
443,0,521.126000,1,VART_RUNNER,1,3434,1,0.05,32.03,25,2,2,,
444,443,522.687000,1,VART_RUNNER,1,3434,1,0.05,32.03,25,2,2,,
445,0,523.012000,1,VART_RUNNER,1,3434,1,0.05,31.99,25,2,2,,
446,445,524.575000,1,VART_RUNNER,1,3434,1,0.05,31.99,25,2,2,,
447,0,524.900000,1,VART_RUNNER,1,3434,1,0.05,31.99,25,2,2,,
448,447,526.463000,1,VART_RUNNER,1,3434,1,0.05,31.99,25,2,2,,
449,0,526.790000,1,VART_RUNNER,1,3434,1,0.05,31.95,25,2,2,,
450,449,528.355000,1,VART_RUNNER,1,3434,1,0.05,31.95,25,2,2,,
451,0,528.683000,1,VART_RUNNER,1,3434,1,0.05,31.97,25,2,2,,
452,451,530.247000,1,VART_RUNNER,1,3434,1,0.05,31.97,25,2,2,,
453,0,530.572000,1,VART_RUNNER,1,3434,1,0.05,31.97,25,2,2,,
454,453,532.136000,1,VART_RUNNER,1,3434,1,0.05,31.97,25,2,2,,
455,0,532.462000,1,VART_RUNNER,1,3434,1,0.05,32.03,25,2,2,,
456,455,534.023000,1,VART_RUNNER,1,3434,1,0.05,32.03,25,2,2,,
457,0,534.351000,1,VART_RUNNER,1,3434,1,0.05,31.97,25,2,2,,
458,457,535.915000,1,VART_RUNNER,1,3434,1,0.05,31.97,25,2,2,,
459,0,536.242000,1,VART_RUNNER,1,3434,1,0.05,32.05,25,2,2,,
460,459,537.802000,1,VART_RUNNER,1,3434,1,0.05,32.05,25,2,2,,
461,0,538.126000,1,VART_RUNNER,1,3434,1,0.05,32.05,25,2,2,,
462,461,539.686000,1,VART_RUNNER,1,3434,1,0.05,32.05,25,2,2,,
463,0,540.049000,1,VART_RUNNER,1,3434,1,0.05,31.99,25,2,2,,
464,463,541.612000,1,VART_RUNNER,1,3434,1,0.05,31.99,25,2,2,,
465,0,541.938000,1,VART_RUNNER,1,3434,1,0.05,32.03,25,2,2,,
466,465,543.499000,1,VART_RUNNER,1,3434,1,0.05,32.03,25,2,2,,
467,0,543.829000,1,VART_RUNNER,1,3434,1,0.05,32.01,25,2,2,,
468,467,545.391000,1,VART_RUNNER,1,3434,1,0.05,32.01,25,2,2,,
469,0,545.720000,1,VART_RUNNER,1,3434,1,0.05,31.99,25,2,2,,
470,469,547.283000,1,VART_RUNNER,1,3434,1,0.05,31.99,25,2,2,,
471,0,547.610000,1,VART_RUNNER,1,3434,1,0.05,31.99,25,2,2,,
472,471,549.173000,1,VART_RUNNER,1,3434,1,0.05,31.99,25,2,2,,
473,0,549.499000,1,VART_RUNNER,1,3434,1,0.05,32.01,25,2,2,,
474,473,551.061000,1,VART_RUNNER,1,3434,1,0.05,32.01,25,2,2,,
475,0,551.388000,1,VART_RUNNER,1,3434,1,0.05,31.99,25,2,2,,
476,475,552.951000,1,VART_RUNNER,1,3434,1,0.05,31.99,25,2,2,,
477,0,553.277000,1,VART_RUNNER,1,3434,1,0.05,31.95,25,2,2,,
478,477,554.842000,1,VART_RUNNER,1,3434,1,0.05,31.95,25,2,2,,
479,0,555.167000,1,VART_RUNNER,1,3434,1,0.05,31.99,25,2,2,,
480,479,556.730000,1,VART_RUNNER,1,3434,1,0.05,31.99,25,2,2,,
481,0,557.055000,1,VART_RUNNER,1,3434,1,0.05,32.05,25,2,2,,
482,481,558.615000,1,VART_RUNNER,1,3434,1,0.05,32.05,25,2,2,,
483,0,558.940000,1,VART_RUNNER,1,3434,1,0.05,31.89,25,2,2,,
484,483,560.508000,1,VART_RUNNER,1,3434,1,0.05,31.89,25,2,2,,
485,0,560.834000,1,VART_RUNNER,1,3434,1,0.05,31.97,25,2,2,,
486,485,562.398000,1,VART_RUNNER,1,3434,1,0.05,31.97,25,2,2,,
487,0,562.723000,1,VART_RUNNER,1,3434,1,0.05,31.97,25,2,2,,
488,487,564.287000,1,VART_RUNNER,1,3434,1,0.05,31.97,25,2,2,,
489,0,564.612000,1,VART_RUNNER,1,3434,1,0.05,31.97,25,2,2,,
490,489,566.176000,1,VART_RUNNER,1,3434,1,0.05,31.97,25,2,2,,
491,0,566.500000,1,VART_RUNNER,1,3434,1,0.05,31.97,25,2,2,,
492,491,568.064000,1,VART_RUNNER,1,3434,1,0.05,31.97,25,2,2,,
493,0,568.390000,1,VART_RUNNER,1,3434,1,0.05,32.01,25,2,2,,
494,493,569.952000,1,VART_RUNNER,1,3434,1,0.05,32.01,25,2,2,,
495,0,570.277000,1,VART_RUNNER,1,3434,1,0.05,32.01,25,2,2,,
496,495,571.839000,1,VART_RUNNER,1,3434,1,0.05,32.01,25,2,2,,
497,0,572.183000,1,VART_RUNNER,1,3434,1,0.05,32.01,25,2,2,,
498,497,573.745000,1,VART_RUNNER,1,3434,1,0.05,32.01,25,2,2,,
499,0,574.071000,1,VART_RUNNER,1,3434,1,0.05,31.95,25,2,2,,
500,499,575.636000,1,VART_RUNNER,1,3434,1,0.05,31.95,25,2,2,,
501,0,575.974000,1,VART_RUNNER,1,3434,1,0.05,31.99,25,2,2,,
502,501,577.537000,1,VART_RUNNER,1,3434,1,0.05,31.99,25,2,2,,
503,0,577.862000,1,VART_RUNNER,1,3434,1,0.05,32.01,25,2,2,,
504,503,579.424000,1,VART_RUNNER,1,3434,1,0.05,32.01,25,2,2,,
505,0,579.826000,1,VART_RUNNER,1,3434,1,0.05,31.93,25,2,2,,
506,505,581.392000,1,VART_RUNNER,1,3434,1,0.05,31.93,25,2,2,,
507,0,581.719000,1,VART_RUNNER,1,3434,1,0.05,31.95,25,2,2,,
508,507,583.284000,1,VART_RUNNER,1,3434,1,0.05,31.95,25,2,2,,
509,0,583.611000,1,VART_RUNNER,1,3434,1,0.05,32.03,25,2,2,,
510,509,585.172000,1,VART_RUNNER,1,3434,1,0.05,32.03,25,2,2,,
511,0,585.496000,1,VART_RUNNER,1,3434,1,0.05,32.01,25,2,2,,
512,511,587.058000,1,VART_RUNNER,1,3434,1,0.05,32.01,25,2,2,,
513,0,587.381000,1,VART_RUNNER,1,3434,1,0.05,31.99,25,2,2,,
514,513,588.944000,1,VART_RUNNER,1,3434,1,0.05,31.99,25,2,2,,
515,0,589.270000,1,VART_RUNNER,1,3434,1,0.05,32.01,25,2,2,,
516,515,590.832000,1,VART_RUNNER,1,3434,1,0.05,32.01,25,2,2,,
517,0,591.158000,1,VART_RUNNER,1,3434,1,0.05,31.99,25,2,2,,
518,517,592.721000,1,VART_RUNNER,1,3434,1,0.05,31.99,25,2,2,,
519,0,593.045000,1,VART_RUNNER,1,3434,1,0.05,32.01,25,2,2,,
520,519,594.607000,1,VART_RUNNER,1,3434,1,0.05,32.01,25,2,2,,
521,0,594.933000,1,VART_RUNNER,1,3434,1,0.05,31.95,25,2,2,,
522,521,596.498000,1,VART_RUNNER,1,3434,1,0.05,31.95,25,2,2,,
523,0,596.826000,1,VART_RUNNER,1,3434,1,0.05,31.99,25,2,2,,
524,523,598.389000,1,VART_RUNNER,1,3434,1,0.05,31.99,25,2,2,,
525,0,598.715000,1,VART_RUNNER,1,3434,1,0.05,31.95,25,2,2,,
526,525,600.280000,1,VART_RUNNER,1,3434,1,0.05,31.95,25,2,2,,
527,0,600.607000,1,VART_RUNNER,1,3434,1,0.05,32.03,25,2,2,,
528,527,602.168000,1,VART_RUNNER,1,3434,1,0.05,32.03,25,2,2,,
529,0,602.495000,1,VART_RUNNER,1,3434,1,0.05,31.99,25,2,2,,
530,529,604.058000,1,VART_RUNNER,1,3434,1,0.05,31.99,25,2,2,,
531,0,604.386000,1,VART_RUNNER,1,3434,1,0.05,31.95,25,2,2,,
532,531,605.951000,1,VART_RUNNER,1,3434,1,0.05,31.95,25,2,2,,
533,0,606.277000,1,VART_RUNNER,1,3434,1,0.05,32.01,25,2,2,,
534,533,607.839000,1,VART_RUNNER,1,3434,1,0.05,32.01,25,2,2,,
535,0,608.182000,1,VART_RUNNER,1,3434,1,0.05,31.99,25,2,2,,
536,535,609.745000,1,VART_RUNNER,1,3434,1,0.05,31.99,25,2,2,,
537,0,610.071000,1,VART_RUNNER,1,3434,1,0.05,31.99,25,2,2,,
538,537,611.634000,1,VART_RUNNER,1,3434,1,0.05,31.99,25,2,2,,
539,0,611.974000,1,VART_RUNNER,1,3434,1,0.05,32.01,25,2,2,,
540,539,613.536000,1,VART_RUNNER,1,3434,1,0.05,32.01,25,2,2,,
541,0,613.863000,1,VART_RUNNER,1,3434,1,0.05,32.01,25,2,2,,
542,541,615.425000,1,VART_RUNNER,1,3434,1,0.05,32.01,25,2,2,,
543,0,615.752000,1,VART_RUNNER,1,3434,1,0.05,31.97,25,2,2,,
544,543,617.316000,1,VART_RUNNER,1,3434,1,0.05,31.97,25,2,2,,
545,0,617.644000,1,VART_RUNNER,1,3434,1,0.05,31.99,25,2,2,,
546,545,619.207000,1,VART_RUNNER,1,3434,1,0.05,31.99,25,2,2,,
547,0,619.532000,1,VART_RUNNER,1,3434,1,0.05,31.99,25,2,2,,
548,547,621.095000,1,VART_RUNNER,1,3434,1,0.05,31.99,25,2,2,,
549,0,621.422000,1,VART_RUNNER,1,3434,1,0.05,32.03,25,2,2,,
550,549,622.983000,1,VART_RUNNER,1,3434,1,0.05,32.03,25,2,2,,
551,0,623.309000,1,VART_RUNNER,1,3434,1,0.05,31.97,25,2,2,,
552,551,624.873000,1,VART_RUNNER,1,3434,1,0.05,31.97,25,2,2,,
553,0,625.199000,1,VART_RUNNER,1,3434,1,0.05,31.95,25,2,2,,
554,553,626.764000,1,VART_RUNNER,1,3434,1,0.05,31.95,25,2,2,,
555,0,627.093000,1,VART_RUNNER,1,3434,1,0.05,31.93,25,2,2,,
556,555,628.659000,1,VART_RUNNER,1,3434,1,0.05,31.93,25,2,2,,
557,0,628.987000,1,VART_RUNNER,1,3434,1,0.05,31.99,25,2,2,,
558,557,630.550000,1,VART_RUNNER,1,3434,1,0.05,31.99,25,2,2,,
559,0,630.875000,1,VART_RUNNER,1,3434,1,0.05,31.95,25,2,2,,
560,559,632.440000,1,VART_RUNNER,1,3434,1,0.05,31.95,25,2,2,,
561,0,632.766000,1,VART_RUNNER,1,3434,1,0.05,32.05,25,2,2,,
562,561,634.326000,1,VART_RUNNER,1,3434,1,0.05,32.05,25,2,2,,
563,0,634.651000,1,VART_RUNNER,1,3434,1,0.05,31.91,25,2,2,,
564,563,636.218000,1,VART_RUNNER,1,3434,1,0.05,31.91,25,2,2,,
565,0,636.544000,1,VART_RUNNER,1,3434,1,0.05,32.01,25,2,2,,
566,565,638.106000,1,VART_RUNNER,1,3434,1,0.05,32.01,25,2,2,,
567,0,638.432000,1,VART_RUNNER,1,3434,1,0.05,31.97,25,2,2,,
568,567,639.996000,1,VART_RUNNER,1,3434,1,0.05,31.97,25,2,2,,
569,0,640.321000,1,VART_RUNNER,1,3434,1,0.05,32.07,25,2,2,,
570,569,641.880000,1,VART_RUNNER,1,3434,1,0.05,32.07,25,2,2,,
571,0,642.205000,1,VART_RUNNER,1,3434,1,0.05,32.01,25,2,2,,
572,571,643.767000,1,VART_RUNNER,1,3434,1,0.05,32.01,25,2,2,,
573,0,644.129000,1,VART_RUNNER,1,3434,1,0.05,32.01,25,2,2,,
574,573,645.691000,1,VART_RUNNER,1,3434,1,0.05,32.01,25,2,2,,
575,0,646.018000,1,VART_RUNNER,1,3434,1,0.05,32.01,25,2,2,,
576,575,647.580000,1,VART_RUNNER,1,3434,1,0.05,32.01,25,2,2,,
577,0,647.921000,1,VART_RUNNER,1,3434,1,0.05,31.99,25,2,2,,
578,577,649.484000,1,VART_RUNNER,1,3434,1,0.05,31.99,25,2,2,,
579,0,649.811000,1,VART_RUNNER,1,3434,1,0.05,32.01,25,2,2,,
580,579,651.373000,1,VART_RUNNER,1,3434,1,0.05,32.01,25,2,2,,
581,0,651.699000,1,VART_RUNNER,1,3434,1,0.05,31.99,25,2,2,,
582,581,653.262000,1,VART_RUNNER,1,3434,1,0.05,31.99,25,2,2,,
583,0,653.588000,1,VART_RUNNER,1,3434,1,0.05,31.99,25,2,2,,
584,583,655.151000,1,VART_RUNNER,1,3434,1,0.05,31.99,25,2,2,,
585,0,655.477000,1,VART_RUNNER,1,3434,1,0.05,31.99,25,2,2,,
586,585,657.040000,1,VART_RUNNER,1,3434,1,0.05,31.99,25,2,2,,
587,0,657.368000,1,VART_RUNNER,1,3434,1,0.05,32.01,25,2,2,,
588,587,658.930000,1,VART_RUNNER,1,3434,1,0.05,32.01,25,2,2,,
589,0,659.255000,1,VART_RUNNER,1,3434,1,0.05,31.99,25,2,2,,
590,589,660.818000,1,VART_RUNNER,1,3434,1,0.05,31.99,25,2,2,,
591,0,661.144000,1,VART_RUNNER,1,3434,1,0.05,32.05,25,2,2,,
592,591,662.704000,1,VART_RUNNER,1,3434,1,0.05,32.05,25,2,2,,
593,0,663.030000,1,VART_RUNNER,1,3434,1,0.05,32.05,25,2,2,,
594,593,664.590000,1,VART_RUNNER,1,3434,1,0.05,32.05,25,2,2,,
595,0,664.917000,1,VART_RUNNER,1,3434,1,0.05,32.03,25,2,2,,
596,595,666.478000,1,VART_RUNNER,1,3434,1,0.05,32.03,25,2,2,,
597,0,666.806000,1,VART_RUNNER,1,3434,1,0.05,32.01,25,2,2,,
598,597,668.368000,1,VART_RUNNER,1,3434,1,0.05,32.01,25,2,2,,
599,0,668.695000,1,VART_RUNNER,1,3434,1,0.05,32.01,25,2,2,,
600,599,670.257000,1,VART_RUNNER,1,3434,1,0.05,32.01,25,2,2,,
601,0,670.584000,1,VART_RUNNER,1,3434,1,0.05,31.91,25,2,2,,
602,601,672.151000,1,VART_RUNNER,1,3434,1,0.05,31.91,25,2,2,,
603,0,672.477000,1,VART_RUNNER,1,3434,1,0.05,32.03,25,2,2,,
604,603,674.038000,1,VART_RUNNER,1,3434,1,0.05,32.03,25,2,2,,
605,0,674.365000,1,VART_RUNNER,1,3434,1,0.05,31.97,25,2,2,,
606,605,675.929000,1,VART_RUNNER,1,3434,1,0.05,31.97,25,2,2,,
607,0,676.257000,1,VART_RUNNER,1,3434,1,0.05,31.99,25,2,2,,
608,607,677.820000,1,VART_RUNNER,1,3434,1,0.05,31.99,25,2,2,,
609,0,678.146000,1,VART_RUNNER,1,3434,1,0.05,32.01,25,2,2,,
610,609,679.708000,1,VART_RUNNER,1,3434,1,0.05,32.01,25,2,2,,
611,0,680.049000,1,VART_RUNNER,1,3434,1,0.05,32.03,25,2,2,,
612,611,681.610000,1,VART_RUNNER,1,3434,1,0.05,32.03,25,2,2,,
613,0,681.936000,1,VART_RUNNER,1,3434,1,0.05,32.01,25,2,2,,
614,613,683.498000,1,VART_RUNNER,1,3434,1,0.05,32.01,25,2,2,,
615,0,683.824000,1,VART_RUNNER,1,3434,1,0.05,31.99,25,2,2,,
616,615,685.387000,1,VART_RUNNER,1,3434,1,0.05,31.99,25,2,2,,
617,0,685.714000,1,VART_RUNNER,1,3434,1,0.05,31.81,25,2,2,,
618,617,687.286000,1,VART_RUNNER,1,3434,1,0.05,31.81,25,2,2,,
619,0,687.617000,1,VART_RUNNER,1,3434,1,0.05,31.93,25,2,2,,
620,619,689.183000,1,VART_RUNNER,1,3434,1,0.05,31.93,25,2,2,,
621,0,689.512000,1,VART_RUNNER,1,3434,1,0.05,32.01,25,2,2,,
622,621,691.074000,1,VART_RUNNER,1,3434,1,0.05,32.01,25,2,2,,
623,0,691.403000,1,VART_RUNNER,1,3434,1,0.05,21.02,25,2,2,,
624,623,693.782000,1,VART_RUNNER,1,3434,1,0.05,21.02,25,2,2,,
625,0,694.960000,1,VART_RUNNER,1,3434,1,0.05,27.23,25,2,2,,
626,625,696.796000,1,VART_RUNNER,1,3434,1,0.05,27.23,25,2,2,,
627,0,697.855000,1,VART_RUNNER,1,3434,1,0.05,27.17,25,2,2,,
628,627,699.695000,1,VART_RUNNER,1,3434,1,0.05,27.17,25,2,2,,
629,0,700.841000,1,VART_RUNNER,1,3434,1,0.05,27.19,25,2,2,,
630,629,702.680000,1,VART_RUNNER,1,3434,1,0.05,27.19,25,2,2,,
631,0,703.651000,1,VART_RUNNER,1,3434,1,0.05,28.09,25,2,2,,
632,631,705.431000,1,VART_RUNNER,1,3434,1,0.05,28.09,25,2,2,,
633,0,706.434000,1,VART_RUNNER,1,3434,1,0.05,27.44,25,2,2,,
634,633,708.256000,1,VART_RUNNER,1,3434,1,0.05,27.44,25,2,2,,
635,0,709.301000,1,VART_RUNNER,1,3434,1,0.05,27.1,25,2,2,,
636,635,711.146000,1,VART_RUNNER,1,3434,1,0.05,27.1,25,2,2,,
637,0,712.350000,1,VART_RUNNER,1,3434,1,0.05,28.18,25,2,2,,
638,637,714.124000,1,VART_RUNNER,1,3434,1,0.05,28.18,25,2,2,,
639,0,715.016000,1,VART_RUNNER,1,3434,1,0.05,27.62,25,2,2,,
640,639,716.826000,1,VART_RUNNER,1,3434,1,0.05,27.62,25,2,2,,
641,0,717.684000,1,VART_RUNNER,1,3434,1,0.05,27.31,25,2,2,,
642,641,719.515000,1,VART_RUNNER,1,3434,1,0.05,27.31,25,2,2,,
643,0,720.722000,1,VART_RUNNER,1,3434,1,0.05,26.9,25,2,2,,
644,643,722.581000,1,VART_RUNNER,1,3434,1,0.05,26.9,25,2,2,,
645,0,723.852000,1,VART_RUNNER,1,3434,1,0.05,27.84,25,2,2,,
646,645,725.648000,1,VART_RUNNER,1,3434,1,0.05,27.84,25,2,2,,
647,0,726.724000,1,VART_RUNNER,1,3434,1,0.05,29.64,25,2,2,,
648,647,728.411000,1,VART_RUNNER,1,3434,1,0.05,29.64,25,2,2,,
649,0,728.913000,1,VART_RUNNER,1,3434,1,0.05,31.79,25,2,2,,
650,649,730.486000,1,VART_RUNNER,1,3434,1,0.05,31.79,25,2,2,,
651,0,730.832000,1,VART_RUNNER,1,3434,1,0.05,31.87,25,2,2,,
652,651,732.401000,1,VART_RUNNER,1,3434,1,0.05,31.87,25,2,2,,
653,0,732.731000,1,VART_RUNNER,1,3434,1,0.05,31.95,25,2,2,,
654,653,734.296000,1,VART_RUNNER,1,3434,1,0.05,31.95,25,2,2,,
655,0,734.627000,1,VART_RUNNER,1,3434,1,0.05,31.75,25,2,2,,
656,655,736.202000,1,VART_RUNNER,1,3434,1,0.05,31.75,25,2,2,,
657,0,736.534000,1,VART_RUNNER,1,3434,1,0.05,31.97,25,2,2,,
658,657,738.098000,1,VART_RUNNER,1,3434,1,0.05,31.97,25,2,2,,
659,0,738.428000,1,VART_RUNNER,1,3434,1,0.05,31.69,25,2,2,,
660,659,740.006000,1,VART_RUNNER,1,3434,1,0.05,31.69,25,2,2,,
661,0,740.340000,1,VART_RUNNER,1,3434,1,0.05,31.91,25,2,2,,
662,661,741.907000,1,VART_RUNNER,1,3434,1,0.05,31.91,25,2,2,,
663,0,742.238000,1,VART_RUNNER,1,3434,1,0.05,31.93,25,2,2,,
664,663,743.804000,1,VART_RUNNER,1,3434,1,0.05,31.93,25,2,2,,
665,0,744.157000,1,VART_RUNNER,1,3434,1,0.05,31.93,25,2,2,,
666,665,745.723000,1,VART_RUNNER,1,3434,1,0.05,31.93,25,2,2,,
667,0,746.052000,1,VART_RUNNER,1,3434,1,0.05,32.03,25,2,2,,
668,667,747.613000,1,VART_RUNNER,1,3434,1,0.05,32.03,25,2,2,,
669,0,747.997000,1,VART_RUNNER,1,3434,1,0.05,31.99,25,2,2,,
670,669,749.560000,1,VART_RUNNER,1,3434,1,0.05,31.99,25,2,2,,
671,0,749.890000,1,VART_RUNNER,1,3434,1,0.05,31.99,25,2,2,,
672,671,751.453000,1,VART_RUNNER,1,3434,1,0.05,31.99,25,2,2,,
673,0,751.781000,1,VART_RUNNER,1,3434,1,0.05,31.89,25,2,2,,
674,673,753.349000,1,VART_RUNNER,1,3434,1,0.05,31.89,25,2,2,,
675,0,753.678000,1,VART_RUNNER,1,3434,1,0.05,31.95,25,2,2,,
676,675,755.243000,1,VART_RUNNER,1,3434,1,0.05,31.95,25,2,2,,
677,0,755.572000,1,VART_RUNNER,1,3434,1,0.05,31.95,25,2,2,,
678,677,757.137000,1,VART_RUNNER,1,3434,1,0.05,31.95,25,2,2,,
679,0,757.467000,1,VART_RUNNER,1,3434,1,0.05,32.01,25,2,2,,
680,679,759.029000,1,VART_RUNNER,1,3434,1,0.05,32.01,25,2,2,,
681,0,759.358000,1,VART_RUNNER,1,3434,1,0.05,31.97,25,2,2,,
682,681,760.922000,1,VART_RUNNER,1,3434,1,0.05,31.97,25,2,2,,
683,0,761.250000,1,VART_RUNNER,1,3434,1,0.05,31.93,25,2,2,,
684,683,762.816000,1,VART_RUNNER,1,3434,1,0.05,31.93,25,2,2,,
685,0,763.145000,1,VART_RUNNER,1,3434,1,0.05,31.97,25,2,2,,
686,685,764.709000,1,VART_RUNNER,1,3434,1,0.05,31.97,25,2,2,,
687,0,765.038000,1,VART_RUNNER,1,3434,1,0.05,31.99,25,2,2,,
688,687,766.601000,1,VART_RUNNER,1,3434,1,0.05,31.99,25,2,2,,
689,0,766.931000,1,VART_RUNNER,1,3434,1,0.05,31.85,25,2,2,,
690,689,768.501000,1,VART_RUNNER,1,3434,1,0.05,31.85,25,2,2,,
691,0,768.830000,1,VART_RUNNER,1,3434,1,0.05,31.99,25,2,2,,
692,691,770.393000,1,VART_RUNNER,1,3434,1,0.05,31.99,25,2,2,,
693,0,770.722000,1,VART_RUNNER,1,3434,1,0.05,31.93,25,2,2,,
694,693,772.288000,1,VART_RUNNER,1,3434,1,0.05,31.93,25,2,2,,
695,0,772.618000,1,VART_RUNNER,1,3434,1,0.05,31.99,25,2,2,,
696,695,774.181000,1,VART_RUNNER,1,3434,1,0.05,31.99,25,2,2,,
697,0,774.509000,1,VART_RUNNER,1,3434,1,0.05,31.83,25,2,2,,
698,697,776.080000,1,VART_RUNNER,1,3434,1,0.05,31.83,25,2,2,,
699,0,776.411000,1,VART_RUNNER,1,3434,1,0.05,31.97,25,2,2,,
700,699,777.975000,1,VART_RUNNER,1,3434,1,0.05,31.97,25,2,2,,
701,0,778.303000,1,VART_RUNNER,1,3434,1,0.05,31.69,25,2,2,,
702,701,779.881000,1,VART_RUNNER,1,3434,1,0.05,31.69,25,2,2,,
703,0,780.210000,1,VART_RUNNER,1,3434,1,0.05,31.99,25,2,2,,
704,703,781.773000,1,VART_RUNNER,1,3434,1,0.05,31.99,25,2,2,,
705,0,782.101000,1,VART_RUNNER,1,3434,1,0.05,31.93,25,2,2,,
706,705,783.667000,1,VART_RUNNER,1,3434,1,0.05,31.93,25,2,2,,
707,0,784.018000,1,VART_RUNNER,1,3434,1,0.05,31.95,25,2,2,,
708,707,785.583000,1,VART_RUNNER,1,3434,1,0.05,31.95,25,2,2,,
709,0,785.914000,1,VART_RUNNER,1,3434,1,0.05,31.99,25,2,2,,
710,709,787.477000,1,VART_RUNNER,1,3434,1,0.05,31.99,25,2,2,,
711,0,787.806000,1,VART_RUNNER,1,3434,1,0.05,31.89,25,2,2,,
712,711,789.374000,1,VART_RUNNER,1,3434,1,0.05,31.89,25,2,2,,
713,0,789.704000,1,VART_RUNNER,1,3434,1,0.05,31.99,25,2,2,,
714,713,791.267000,1,VART_RUNNER,1,3434,1,0.05,31.99,25,2,2,,
715,0,791.595000,1,VART_RUNNER,1,3434,1,0.05,31.95,25,2,2,,
716,715,793.160000,1,VART_RUNNER,1,3434,1,0.05,31.95,25,2,2,,
717,0,793.489000,1,VART_RUNNER,1,3434,1,0.05,31.99,25,2,2,,
718,717,795.052000,1,VART_RUNNER,1,3434,1,0.05,31.99,25,2,2,,
719,0,795.381000,1,VART_RUNNER,1,3434,1,0.05,31.97,25,2,2,,
720,719,796.945000,1,VART_RUNNER,1,3434,1,0.05,31.97,25,2,2,,
721,0,797.273000,1,VART_RUNNER,1,3434,1,0.05,31.99,25,2,2,,
722,721,798.836000,1,VART_RUNNER,1,3434,1,0.05,31.99,25,2,2,,
723,0,799.165000,1,VART_RUNNER,1,3434,1,0.05,31.97,25,2,2,,
724,723,800.729000,1,VART_RUNNER,1,3434,1,0.05,31.97,25,2,2,,
725,0,801.059000,1,VART_RUNNER,1,3434,1,0.05,31.99,25,2,2,,
726,725,802.622000,1,VART_RUNNER,1,3434,1,0.05,31.99,25,2,2,,
727,0,802.951000,1,VART_RUNNER,1,3434,1,0.05,31.95,25,2,2,,
728,727,804.516000,1,VART_RUNNER,1,3434,1,0.05,31.95,25,2,2,,
729,0,804.844000,1,VART_RUNNER,1,3434,1,0.05,32.01,25,2,2,,
730,729,806.406000,1,VART_RUNNER,1,3434,1,0.05,32.01,25,2,2,,
731,0,806.734000,1,VART_RUNNER,1,3434,1,0.05,31.99,25,2,2,,
732,731,808.297000,1,VART_RUNNER,1,3434,1,0.05,31.99,25,2,2,,
733,0,808.625000,1,VART_RUNNER,1,3434,1,0.05,31.97,25,2,2,,
734,733,810.189000,1,VART_RUNNER,1,3434,1,0.05,31.97,25,2,2,,
735,0,810.518000,1,VART_RUNNER,1,3434,1,0.05,31.97,25,2,2,,
736,735,812.082000,1,VART_RUNNER,1,3434,1,0.05,31.97,25,2,2,,
737,0,812.410000,1,VART_RUNNER,1,3434,1,0.05,31.99,25,2,2,,
738,737,813.973000,1,VART_RUNNER,1,3434,1,0.05,31.99,25,2,2,,
739,0,814.301000,1,VART_RUNNER,1,3434,1,0.05,31.75,25,2,2,,
740,739,815.876000,1,VART_RUNNER,1,3434,1,0.05,31.75,25,2,2,,
741,0,816.205000,1,VART_RUNNER,1,3434,1,0.05,31.97,25,2,2,,
742,741,817.769000,1,VART_RUNNER,1,3434,1,0.05,31.97,25,2,2,,
743,0,818.098000,1,VART_RUNNER,1,3434,1,0.05,31.99,25,2,2,,
744,743,819.661000,1,VART_RUNNER,1,3434,1,0.05,31.99,25,2,2,,
745,0,820.002000,1,VART_RUNNER,1,3434,1,0.05,32.01,25,2,2,,
746,745,821.564000,1,VART_RUNNER,1,3434,1,0.05,32.01,25,2,2,,
747,0,821.892000,1,VART_RUNNER,1,3434,1,0.05,31.97,25,2,2,,
748,747,823.456000,1,VART_RUNNER,1,3434,1,0.05,31.97,25,2,2,,
749,0,823.785000,1,VART_RUNNER,1,3434,1,0.05,31.97,25,2,2,,
750,749,825.349000,1,VART_RUNNER,1,3434,1,0.05,31.97,25,2,2,,
751,0,825.703000,1,VART_RUNNER,1,3434,1,0.05,31.97,25,2,2,,
752,751,827.267000,1,VART_RUNNER,1,3434,1,0.05,31.97,25,2,2,,
753,0,827.596000,1,VART_RUNNER,1,3434,1,0.05,31.95,25,2,2,,
754,753,829.161000,1,VART_RUNNER,1,3434,1,0.05,31.95,25,2,2,,
755,0,829.520000,1,VART_RUNNER,1,3434,1,0.05,31.99,25,2,2,,
756,755,831.083000,1,VART_RUNNER,1,3434,1,0.05,31.99,25,2,2,,
757,0,831.412000,1,VART_RUNNER,1,3434,1,0.05,31.97,25,2,2,,
758,757,832.976000,1,VART_RUNNER,1,3434,1,0.05,31.97,25,2,2,,
759,0,833.304000,1,VART_RUNNER,1,3434,1,0.05,31.97,25,2,2,,
760,759,834.868000,1,VART_RUNNER,1,3434,1,0.05,31.97,25,2,2,,
761,0,835.195000,1,VART_RUNNER,1,3434,1,0.05,31.97,25,2,2,,
762,761,836.759000,1,VART_RUNNER,1,3434,1,0.05,31.97,25,2,2,,
763,0,837.088000,1,VART_RUNNER,1,3434,1,0.05,32.01,25,2,2,,
764,763,838.650000,1,VART_RUNNER,1,3434,1,0.05,32.01,25,2,2,,
765,0,838.979000,1,VART_RUNNER,1,3434,1,0.05,31.97,25,2,2,,
766,765,840.543000,1,VART_RUNNER,1,3434,1,0.05,31.97,25,2,2,,
767,0,840.872000,1,VART_RUNNER,1,3434,1,0.05,31.97,25,2,2,,
768,767,842.436000,1,VART_RUNNER,1,3434,1,0.05,31.97,25,2,2,,
769,0,842.766000,1,VART_RUNNER,1,3434,1,0.05,31.87,25,2,2,,
770,769,844.335000,1,VART_RUNNER,1,3434,1,0.05,31.87,25,2,2,,
771,0,844.663000,1,VART_RUNNER,1,3434,1,0.05,32.01,25,2,2,,
772,771,846.225000,1,VART_RUNNER,1,3434,1,0.05,32.01,25,2,2,,
773,0,846.553000,1,VART_RUNNER,1,3434,1,0.05,31.91,25,2,2,,
774,773,848.120000,1,VART_RUNNER,1,3434,1,0.05,31.91,25,2,2,,
775,0,848.449000,1,VART_RUNNER,1,3434,1,0.05,32.03,25,2,2,,
776,775,850.010000,1,VART_RUNNER,1,3434,1,0.05,32.03,25,2,2,,
777,0,850.338000,1,VART_RUNNER,1,3434,1,0.05,31.71,25,2,2,,
778,777,851.915000,1,VART_RUNNER,1,3434,1,0.05,31.71,25,2,2,,
779,0,852.243000,1,VART_RUNNER,1,3434,1,0.05,31.99,25,2,2,,
780,779,853.806000,1,VART_RUNNER,1,3434,1,0.05,31.99,25,2,2,,
781,0,854.133000,1,VART_RUNNER,1,3434,1,0.05,31.99,25,2,2,,
782,781,855.696000,1,VART_RUNNER,1,3434,1,0.05,31.99,25,2,2,,
783,0,856.037000,1,VART_RUNNER,1,3434,1,0.05,32.01,25,2,2,,
784,783,857.599000,1,VART_RUNNER,1,3434,1,0.05,32.01,25,2,2,,
785,0,857.926000,1,VART_RUNNER,1,3434,1,0.05,31.99,25,2,2,,
786,785,859.489000,1,VART_RUNNER,1,3434,1,0.05,31.99,25,2,2,,
787,0,859.817000,1,VART_RUNNER,1,3434,1,0.05,31.95,25,2,2,,
788,787,861.382000,1,VART_RUNNER,1,3434,1,0.05,31.95,25,2,2,,
789,0,861.708000,1,VART_RUNNER,1,3434,1,0.05,31.97,25,2,2,,
790,789,863.272000,1,VART_RUNNER,1,3434,1,0.05,31.97,25,2,2,,
791,0,863.599000,1,VART_RUNNER,1,3434,1,0.05,31.99,25,2,2,,
792,791,865.162000,1,VART_RUNNER,1,3434,1,0.05,31.99,25,2,2,,
793,0,865.491000,1,VART_RUNNER,1,3434,1,0.05,31.99,25,2,2,,
794,793,867.054000,1,VART_RUNNER,1,3434,1,0.05,31.99,25,2,2,,
795,0,867.381000,1,VART_RUNNER,1,3434,1,0.05,31.97,25,2,2,,
796,795,868.945000,1,VART_RUNNER,1,3434,1,0.05,31.97,25,2,2,,
797,0,869.273000,1,VART_RUNNER,1,3434,1,0.05,31.99,25,2,2,,
798,797,870.836000,1,VART_RUNNER,1,3434,1,0.05,31.99,25,2,2,,
799,0,871.164000,1,VART_RUNNER,1,3434,1,0.05,31.99,25,2,2,,
800,799,872.727000,1,VART_RUNNER,1,3434,1,0.05,31.99,25,2,2,,
801,0,873.055000,1,VART_RUNNER,1,3434,1,0.05,32.01,25,2,2,,
802,801,874.617000,1,VART_RUNNER,1,3434,1,0.05,32.01,25,2,2,,
803,0,874.947000,1,VART_RUNNER,1,3434,1,0.05,31.95,25,2,2,,
804,803,876.512000,1,VART_RUNNER,1,3434,1,0.05,31.95,25,2,2,,
805,0,876.843000,1,VART_RUNNER,1,3434,1,0.05,31.99,25,2,2,,
806,805,878.406000,1,VART_RUNNER,1,3434,1,0.05,31.99,25,2,2,,
807,0,878.733000,1,VART_RUNNER,1,3434,1,0.05,31.73,25,2,2,,
808,807,880.309000,1,VART_RUNNER,1,3434,1,0.05,31.73,25,2,2,,
809,0,880.640000,1,VART_RUNNER,1,3434,1,0.05,31.99,25,2,2,,
810,809,882.203000,1,VART_RUNNER,1,3434,1,0.05,31.99,25,2,2,,
811,0,882.533000,1,VART_RUNNER,1,3434,1,0.05,31.95,25,2,2,,
812,811,884.098000,1,VART_RUNNER,1,3434,1,0.05,31.95,25,2,2,,
813,0,884.429000,1,VART_RUNNER,1,3434,1,0.05,31.99,25,2,2,,
814,813,885.992000,1,VART_RUNNER,1,3434,1,0.05,31.99,25,2,2,,
815,0,886.321000,1,VART_RUNNER,1,3434,1,0.05,31.93,25,2,2,,
816,815,887.887000,1,VART_RUNNER,1,3434,1,0.05,31.93,25,2,2,,
817,0,888.214000,1,VART_RUNNER,1,3434,1,0.05,31.97,25,2,2,,
818,817,889.778000,1,VART_RUNNER,1,3434,1,0.05,31.97,25,2,2,,
819,0,890.107000,1,VART_RUNNER,1,3434,1,0.05,31.95,25,2,2,,
820,819,891.672000,1,VART_RUNNER,1,3434,1,0.05,31.95,25,2,2,,
821,0,892.015000,1,VART_RUNNER,1,3434,1,0.05,32.01,25,2,2,,
822,821,893.577000,1,VART_RUNNER,1,3434,1,0.05,32.01,25,2,2,,
823,0,893.907000,1,VART_RUNNER,1,3434,1,0.05,32.01,25,2,2,,
824,823,895.469000,1,VART_RUNNER,1,3434,1,0.05,32.01,25,2,2,,
825,0,895.798000,1,VART_RUNNER,1,3434,1,0.05,31.97,25,2,2,,
826,825,897.362000,1,VART_RUNNER,1,3434,1,0.05,31.97,25,2,2,,
827,0,897.689000,1,VART_RUNNER,1,3434,1,0.05,31.95,25,2,2,,
828,827,899.254000,1,VART_RUNNER,1,3434,1,0.05,31.95,25,2,2,,
829,0,899.582000,1,VART_RUNNER,1,3434,1,0.05,31.95,25,2,2,,
830,829,901.147000,1,VART_RUNNER,1,3434,1,0.05,31.95,25,2,2,,
831,0,901.475000,1,VART_RUNNER,1,3434,1,0.05,31.99,25,2,2,,
832,831,903.038000,1,VART_RUNNER,1,3434,1,0.05,31.99,25,2,2,,
833,0,903.366000,1,VART_RUNNER,1,3434,1,0.05,31.95,25,2,2,,
834,833,904.931000,1,VART_RUNNER,1,3434,1,0.05,31.95,25,2,2,,
835,0,905.260000,1,VART_RUNNER,1,3434,1,0.05,31.99,25,2,2,,
836,835,906.823000,1,VART_RUNNER,1,3434,1,0.05,31.99,25,2,2,,
837,0,907.152000,1,VART_RUNNER,1,3434,1,0.05,31.97,25,2,2,,
838,837,908.716000,1,VART_RUNNER,1,3434,1,0.05,31.97,25,2,2,,
839,0,909.044000,1,VART_RUNNER,1,3434,1,0.05,31.81,25,2,2,,
840,839,910.616000,1,VART_RUNNER,1,3434,1,0.05,31.81,25,2,2,,
841,0,910.946000,1,VART_RUNNER,1,3434,1,0.05,31.97,25,2,2,,
842,841,912.510000,1,VART_RUNNER,1,3434,1,0.05,31.97,25,2,2,,
843,0,912.839000,1,VART_RUNNER,1,3434,1,0.05,32.01,25,2,2,,
844,843,914.401000,1,VART_RUNNER,1,3434,1,0.05,32.01,25,2,2,,
845,0,914.729000,1,VART_RUNNER,1,3434,1,0.05,31.95,25,2,2,,
846,845,916.294000,1,VART_RUNNER,1,3434,1,0.05,31.95,25,2,2,,
847,0,916.623000,1,VART_RUNNER,1,3434,1,0.05,32.01,25,2,2,,
848,847,918.185000,1,VART_RUNNER,1,3434,1,0.05,32.01,25,2,2,,
849,0,918.515000,1,VART_RUNNER,1,3434,1,0.05,31.97,25,2,2,,
850,849,920.079000,1,VART_RUNNER,1,3434,1,0.05,31.97,25,2,2,,
851,0,920.408000,1,VART_RUNNER,1,3434,1,0.05,31.99,25,2,2,,
852,851,921.971000,1,VART_RUNNER,1,3434,1,0.05,31.99,25,2,2,,
853,0,922.298000,1,VART_RUNNER,1,3434,1,0.05,31.99,25,2,2,,
854,853,923.861000,1,VART_RUNNER,1,3434,1,0.05,31.99,25,2,2,,
855,0,924.203000,1,VART_RUNNER,1,3434,1,0.05,32.03,25,2,2,,
856,855,925.764000,1,VART_RUNNER,1,3434,1,0.05,32.03,25,2,2,,
857,0,926.116000,1,VART_RUNNER,1,3434,1,0.05,31.99,25,2,2,,
858,857,927.679000,1,VART_RUNNER,1,3434,1,0.05,31.99,25,2,2,,
859,0,928.025000,1,VART_RUNNER,1,3434,1,0.05,31.97,25,2,2,,
860,859,929.589000,1,VART_RUNNER,1,3434,1,0.05,31.97,25,2,2,,
861,0,929.920000,1,VART_RUNNER,1,3434,1,0.05,31.97,25,2,2,,
862,861,931.484000,1,VART_RUNNER,1,3434,1,0.05,31.97,25,2,2,,
863,0,931.812000,1,VART_RUNNER,1,3434,1,0.05,31.95,25,2,2,,
864,863,933.377000,1,VART_RUNNER,1,3434,1,0.05,31.95,25,2,2,,
865,0,933.707000,1,VART_RUNNER,1,3434,1,0.05,31.99,25,2,2,,
866,865,935.270000,1,VART_RUNNER,1,3434,1,0.05,31.99,25,2,2,,
867,0,935.600000,1,VART_RUNNER,1,3434,1,0.05,31.97,25,2,2,,
868,867,937.164000,1,VART_RUNNER,1,3434,1,0.05,31.97,25,2,2,,
869,0,937.493000,1,VART_RUNNER,1,3434,1,0.05,31.99,25,2,2,,
870,869,939.056000,1,VART_RUNNER,1,3434,1,0.05,31.99,25,2,2,,
871,0,939.384000,1,VART_RUNNER,1,3434,1,0.05,31.95,25,2,2,,
872,871,940.949000,1,VART_RUNNER,1,3434,1,0.05,31.95,25,2,2,,
873,0,941.278000,1,VART_RUNNER,1,3434,1,0.05,31.93,25,2,2,,
874,873,942.844000,1,VART_RUNNER,1,3434,1,0.05,31.93,25,2,2,,
875,0,943.173000,1,VART_RUNNER,1,3434,1,0.05,31.93,25,2,2,,
876,875,944.739000,1,VART_RUNNER,1,3434,1,0.05,31.93,25,2,2,,
877,0,945.066000,1,VART_RUNNER,1,3434,1,0.05,31.99,25,2,2,,
878,877,946.629000,1,VART_RUNNER,1,3434,1,0.05,31.99,25,2,2,,
879,0,946.957000,1,VART_RUNNER,1,3434,1,0.05,31.95,25,2,2,,
880,879,948.522000,1,VART_RUNNER,1,3434,1,0.05,31.95,25,2,2,,
881,0,948.851000,1,VART_RUNNER,1,3434,1,0.05,31.97,25,2,2,,
882,881,950.415000,1,VART_RUNNER,1,3434,1,0.05,31.97,25,2,2,,
883,0,950.742000,1,VART_RUNNER,1,3434,1,0.05,31.95,25,2,2,,
884,883,952.307000,1,VART_RUNNER,1,3434,1,0.05,31.95,25,2,2,,
885,0,952.636000,1,VART_RUNNER,1,3434,1,0.05,31.99,25,2,2,,
886,885,954.199000,1,VART_RUNNER,1,3434,1,0.05,31.99,25,2,2,,
887,0,954.528000,1,VART_RUNNER,1,3434,1,0.05,31.99,25,2,2,,
888,887,956.091000,1,VART_RUNNER,1,3434,1,0.05,31.99,25,2,2,,
889,0,956.420000,1,VART_RUNNER,1,3434,1,0.05,32.01,25,2,2,,
890,889,957.982000,1,VART_RUNNER,1,3434,1,0.05,32.01,25,2,2,,
891,0,958.309000,1,VART_RUNNER,1,3434,1,0.05,31.81,25,2,2,,
892,891,959.881000,1,VART_RUNNER,1,3434,1,0.05,31.81,25,2,2,,
893,0,960.211000,1,VART_RUNNER,1,3434,1,0.05,31.99,25,2,2,,
894,893,961.774000,1,VART_RUNNER,1,3434,1,0.05,31.99,25,2,2,,
895,0,962.102000,1,VART_RUNNER,1,3434,1,0.05,31.99,25,2,2,,
896,895,963.665000,1,VART_RUNNER,1,3434,1,0.05,31.99,25,2,2,,
897,0,964.006000,1,VART_RUNNER,1,3434,1,0.05,31.97,25,2,2,,
898,897,965.570000,1,VART_RUNNER,1,3434,1,0.05,31.97,25,2,2,,
899,0,965.898000,1,VART_RUNNER,1,3434,1,0.05,31.99,25,2,2,,
900,899,967.461000,1,VART_RUNNER,1,3434,1,0.05,31.99,25,2,2,,
901,0,967.787000,1,VART_RUNNER,1,3434,1,0.05,31.93,25,2,2,,
902,901,969.353000,1,VART_RUNNER,1,3434,1,0.05,31.93,25,2,2,,
903,0,969.681000,1,VART_RUNNER,1,3434,1,0.05,31.99,25,2,2,,
904,903,971.244000,1,VART_RUNNER,1,3434,1,0.05,31.99,25,2,2,,
905,0,971.572000,1,VART_RUNNER,1,3434,1,0.05,31.93,25,2,2,,
906,905,973.138000,1,VART_RUNNER,1,3434,1,0.05,31.93,25,2,2,,
907,0,973.466000,1,VART_RUNNER,1,3434,1,0.05,32.01,25,2,2,,
908,907,975.028000,1,VART_RUNNER,1,3434,1,0.05,32.01,25,2,2,,
909,0,975.356000,1,VART_RUNNER,1,3434,1,0.05,31.99,25,2,2,,
910,909,976.919000,1,VART_RUNNER,1,3434,1,0.05,31.99,25,2,2,,
911,0,977.251000,1,VART_RUNNER,1,3434,1,0.05,31.97,25,2,2,,
912,911,978.815000,1,VART_RUNNER,1,3434,1,0.05,31.97,25,2,2,,
913,0,979.144000,1,VART_RUNNER,1,3434,1,0.05,31.95,25,2,2,,
914,913,980.709000,1,VART_RUNNER,1,3434,1,0.05,31.95,25,2,2,,
915,0,981.041000,1,VART_RUNNER,1,3434,1,0.05,31.97,25,2,2,,
916,915,982.605000,1,VART_RUNNER,1,3434,1,0.05,31.97,25,2,2,,
917,0,982.934000,1,VART_RUNNER,1,3434,1,0.05,31.93,25,2,2,,
918,917,984.500000,1,VART_RUNNER,1,3434,1,0.05,31.93,25,2,2,,
919,0,984.828000,1,VART_RUNNER,1,3434,1,0.05,31.99,25,2,2,,
920,919,986.391000,1,VART_RUNNER,1,3434,1,0.05,31.99,25,2,2,,
921,0,986.721000,1,VART_RUNNER,1,3434,1,0.05,31.97,25,2,2,,
922,921,988.285000,1,VART_RUNNER,1,3434,1,0.05,31.97,25,2,2,,
923,0,988.613000,1,VART_RUNNER,1,3434,1,0.05,31.97,25,2,2,,
924,923,990.177000,1,VART_RUNNER,1,3434,1,0.05,31.97,25,2,2,,
925,0,990.506000,1,VART_RUNNER,1,3434,1,0.05,31.91,25,2,2,,
926,925,992.073000,1,VART_RUNNER,1,3434,1,0.05,31.91,25,2,2,,
927,0,992.402000,1,VART_RUNNER,1,3434,1,0.05,31.99,25,2,2,,
928,927,993.965000,1,VART_RUNNER,1,3434,1,0.05,31.99,25,2,2,,
929,0,994.294000,1,VART_RUNNER,1,3434,1,0.05,31.95,25,2,2,,
930,929,995.859000,1,VART_RUNNER,1,3434,1,0.05,31.95,25,2,2,,
931,0,996.200000,1,VART_RUNNER,1,3434,1,0.05,31.99,25,2,2,,
932,931,997.763000,1,VART_RUNNER,1,3434,1,0.05,31.99,25,2,2,,
933,0,998.093000,1,VART_RUNNER,1,3434,1,0.05,31.97,25,2,2,,
934,933,999.657000,1,VART_RUNNER,1,3434,1,0.05,31.97,25,2,2,,
935,0,999.999000,1,VART_RUNNER,1,3434,1,0.05,31.97,25,2,2,,
936,935,1001.563000,1,VART_RUNNER,1,3434,1,0.05,31.97,25,2,2,,
937,0,1001.893000,1,VART_RUNNER,1,3434,1,0.05,32.01,25,2,2,,
938,937,1003.455000,1,VART_RUNNER,1,3434,1,0.05,32.01,25,2,2,,
939,0,1003.784000,1,VART_RUNNER,1,3434,1,0.05,31.95,25,2,2,,
940,939,1005.349000,1,VART_RUNNER,1,3434,1,0.05,31.95,25,2,2,,
941,0,1005.679000,1,VART_RUNNER,1,3434,1,0.05,31.99,25,2,2,,
942,941,1007.242000,1,VART_RUNNER,1,3434,1,0.05,31.99,25,2,2,,
943,0,1007.571000,1,VART_RUNNER,1,3434,1,0.05,31.93,25,2,2,,
944,943,1009.137000,1,VART_RUNNER,1,3434,1,0.05,31.93,25,2,2,,
945,0,1009.467000,1,VART_RUNNER,1,3434,1,0.05,31.97,25,2,2,,
946,945,1011.031000,1,VART_RUNNER,1,3434,1,0.05,31.97,25,2,2,,
947,0,1011.362000,1,VART_RUNNER,1,3434,1,0.05,31.95,25,2,2,,
948,947,1012.927000,1,VART_RUNNER,1,3434,1,0.05,31.95,25,2,2,,
949,0,1013.256000,1,VART_RUNNER,1,3434,1,0.05,31.95,25,2,2,,
950,949,1014.821000,1,VART_RUNNER,1,3434,1,0.05,31.95,25,2,2,,
951,0,1015.151000,1,VART_RUNNER,1,3434,1,0.05,31.95,25,2,2,,
952,951,1016.716000,1,VART_RUNNER,1,3434,1,0.05,31.95,25,2,2,,
953,0,1017.045000,1,VART_RUNNER,1,3434,1,0.05,31.97,25,2,2,,
954,953,1018.609000,1,VART_RUNNER,1,3434,1,0.05,31.97,25,2,2,,
955,0,1018.938000,1,VART_RUNNER,1,3434,1,0.05,31.97,25,2,2,,
956,955,1020.502000,1,VART_RUNNER,1,3434,1,0.05,31.97,25,2,2,,
957,0,1020.830000,1,VART_RUNNER,1,3434,1,0.05,32.03,25,2,2,,
958,957,1022.391000,1,VART_RUNNER,1,3434,1,0.05,32.03,25,2,2,,
959,0,1022.720000,1,VART_RUNNER,1,3434,1,0.05,31.97,25,2,2,,
960,959,1024.284000,1,VART_RUNNER,1,3434,1,0.05,31.97,25,2,2,,
961,0,1024.612000,1,VART_RUNNER,1,3434,1,0.05,31.97,25,2,2,,
962,961,1026.176000,1,VART_RUNNER,1,3434,1,0.05,31.97,25,2,2,,
963,0,1026.508000,1,VART_RUNNER,1,3434,1,0.05,31.95,25,2,2,,
964,963,1028.073000,1,VART_RUNNER,1,3434,1,0.05,31.95,25,2,2,,
965,0,1028.404000,1,VART_RUNNER,1,3434,1,0.05,31.99,25,2,2,,
966,965,1029.967000,1,VART_RUNNER,1,3434,1,0.05,31.99,25,2,2,,
967,0,1030.297000,1,VART_RUNNER,1,3434,1,0.05,31.97,25,2,2,,
968,967,1031.861000,1,VART_RUNNER,1,3434,1,0.05,31.97,25,2,2,,
969,0,1032.205000,1,VART_RUNNER,1,3434,1,0.05,32.01,25,2,2,,
970,969,1033.767000,1,VART_RUNNER,1,3434,1,0.05,32.01,25,2,2,,
971,0,1034.097000,1,VART_RUNNER,1,3434,1,0.05,31.97,25,2,2,,
972,971,1035.661000,1,VART_RUNNER,1,3434,1,0.05,31.97,25,2,2,,
973,0,1036.003000,1,VART_RUNNER,1,3434,1,0.05,30.88,25,2,2,,
974,973,1037.622000,1,VART_RUNNER,1,3434,1,0.05,30.88,25,2,2,,
975,0,1037.989000,1,VART_RUNNER,1,3434,1,0.05,31.89,25,2,2,,
976,975,1039.557000,1,VART_RUNNER,1,3434,1,0.05,31.89,25,2,2,,
977,0,1039.910000,1,VART_RUNNER,1,3434,1,0.05,31.99,25,2,2,,
978,977,1041.473000,1,VART_RUNNER,1,3434,1,0.05,31.99,25,2,2,,
979,0,1041.805000,1,VART_RUNNER,1,3434,1,0.05,31.97,25,2,2,,
980,979,1043.369000,1,VART_RUNNER,1,3434,1,0.05,31.97,25,2,2,,
981,0,1043.699000,1,VART_RUNNER,1,3434,1,0.05,31.93,25,2,2,,
982,981,1045.265000,1,VART_RUNNER,1,3434,1,0.05,31.93,25,2,2,,
983,0,1045.596000,1,VART_RUNNER,1,3434,1,0.05,31.93,25,2,2,,
984,983,1047.162000,1,VART_RUNNER,1,3434,1,0.05,31.93,25,2,2,,
985,0,1047.491000,1,VART_RUNNER,1,3434,1,0.05,31.97,25,2,2,,
986,985,1049.055000,1,VART_RUNNER,1,3434,1,0.05,31.97,25,2,2,,
987,0,1049.384000,1,VART_RUNNER,1,3434,1,0.05,32.01,25,2,2,,
988,987,1050.946000,1,VART_RUNNER,1,3434,1,0.05,32.01,25,2,2,,
989,0,1051.277000,1,VART_RUNNER,1,3434,1,0.05,31.97,25,2,2,,
990,989,1052.841000,1,VART_RUNNER,1,3434,1,0.05,31.97,25,2,2,,
991,0,1053.172000,1,VART_RUNNER,1,3434,1,0.05,31.99,25,2,2,,
992,991,1054.735000,1,VART_RUNNER,1,3434,1,0.05,31.99,25,2,2,,
993,0,1055.064000,1,VART_RUNNER,1,3434,1,0.05,31.91,25,2,2,,
994,993,1056.631000,1,VART_RUNNER,1,3434,1,0.05,31.91,25,2,2,,
995,0,1056.963000,1,VART_RUNNER,1,3434,1,0.05,31.99,25,2,2,,
996,995,1058.526000,1,VART_RUNNER,1,3434,1,0.05,31.99,25,2,2,,
997,0,1058.855000,1,VART_RUNNER,1,3434,1,0.05,31.93,25,2,2,,
998,997,1060.421000,1,VART_RUNNER,1,3434,1,0.05,31.93,25,2,2,,
999,0,1060.754000,1,VART_RUNNER,1,3434,1,0.05,31.95,25,2,2,,
1000,999,1062.319000,1,VART_RUNNER,1,3434,1,0.05,31.95,25,2,2,,
